0, 134, 625, 339, 134, 625, 9000, 0, 0
1, 134, 625, 339, 134, 625, 5000, 0, 0
2, 134, 563, 339, 134, 554, 5000, 0, 0
3, 134, 511, 339, 134, 528, 5000, 0, 0
4, 134, 486, 339, 134, 511, 5000, 0, 0
5, 134, 486, 339, 134, 494, 5000, 0, 0
6, 134, 486, 339, 134, 486, 5000, 0, 0
7, 134, 486, 339, 134, 486, 5000, 0, 0
8, 134, 486, 339, 134, 486, 5000, 0, 0
9, 134, 486, 339, 134, 486, 5000, 0, 0
10, 134, 486, 339, 134, 486, 5000, 0, 0
11, 134, 486, 339, 134, 486, 5000, 0, 0
12, 134, 486, 339, 134, 486, 5000, 0, 0
13, 134, 486, 339, 134, 486, 5000, 0, 0
14, 134, 486, 339, 134, 486, 5000, 0, 0
15, 134, 486, 339, 134, 486, 5000, 0, 0
16, 134, 486, 339, 134, 486, 5000, 0, 0
17, 134, 486, 339, 134, 486, 5000, 0, 0
18, 134, 486, 339, 134, 486, 5000, 0, 0
19, 134, 486, 339, 134, 486, 5000, 0, 0
20, 134, 486, 339, 134, 486, 5000, 0, 0
21, 134, 486, 339, 134, 486, 5000, 0, 0
22, 134, 486, 339, 134, 486, 5000, 0, 0
23, 134, 486, 339, 134, 486, 5000, 0, 0
24, 134, 486, 339, 134, 486, 5000, 0, 0
25, 134, 486, 339, 134, 486, 5000, 0, 0
26, 134, 486, 339, 134, 486, 5000, 0, 0
27, 134, 486, 339, 134, 486, 5000, 0, 0
28, 134, 486, 339, 134, 486, 5000, 0, 0
29, 134, 486, 339, 134, 486, 5000, 0, 0
30, 134, 486, 339, 134, 486, 5000, 0, 0
31, 134, 486, 339, 134, 486, 5000, 0, 0
32, 134, 486, 339, 134, 486, 5000, 0, 0
33, 134, 486, 339, 134, 486, 5000, 0, 0
34, 134, 486, 339, 134, 486, 5000, 0, 0
35, 134, 486, 339, 134, 486, 5000, 0, 0
36, 134, 486, 339, 134, 486, 5000, 0, 0
37, 134, 486, 339, 134, 486, 5000, 0, 0
38, 134, 486, 339, 134, 486, 5000, 0, 0
39, 134, 486, 339, 134, 486, 5000, 0, 0
40, 134, 486, 339, 134, 486, 5000, 0, 0
41, 134, 486, 339, 134, 486, 5000, 0, 0
42, 134, 486, 339, 134, 486, 5000, 0, 0
43, 134, 486, 339, 134, 486, 5000, 0, 0
44, 134, 486, 339, 134, 486, 5000, 0, 0
45, 134, 486, 339, 134, 486, 5000, 0, 0
46, 134, 486, 339, 134, 486, 5000, 0, 0
47, 134, 486, 339, 134, 486, 5000, 0, 0
48, 134, 486, 339, 134, 486, 5000, 0, 0
49, 134, 486, 339, 134, 486, 5000, 0, 0
50, 134, 486, 339, 134, 486, 5000, 0, 0
51, 134, 486, 339, 134, 486, 5000, 0, 0
52, 134, 486, 339, 134, 486, 5000, 0, 0
53, 134, 486, 339, 134, 486, 5000, 0, 0
54, 134, 486, 339, 134, 486, 5000, 0, 0
55, 134, 486, 339, 134, 486, 5000, 0, 0
56, 134, 486, 339, 134, 486, 5000, 0, 0
57, 134, 486, 339, 134, 486, 5000, 0, 0
58, 134, 486, 339, 134, 486, 5000, 0, 0
59, 134, 486, 339, 134, 486, 5000, 0, 0
60, 134, 486, 339, 134, 486, 5000, 0, 0
61, 134, 486, 339, 134, 486, 5000, 0, 0
62, 134, 486, 339, 134, 486, 5000, 0, 0
63, 134, 486, 339, 134, 486, 5000, 0, 0
64, 134, 486, 339, 134, 486, 5000, 0, 0
65, 134, 486, 339, 134, 486, 5000, 0, 0
66, 134, 486, 339, 134, 486, 5000, 0, 0
67, 134, 486, 339, 134, 486, 5000, 0, 0
68, 134, 486, 339, 134, 486, 5000, 0, 0
69, 134, 486, 339, 134, 486, 5000, 0, 0
70, 134, 486, 339, 134, 486, 5000, 0, 0
71, 134, 486, 339, 134, 486, 5000, 0, 0
72, 134, 486, 339, 134, 486, 5000, 0, 0
73, 134, 486, 339, 134, 486, 5000, 0, 0
74, 134, 486, 339, 134, 486, 5000, 0, 0
75, 134, 486, 339, 134, 486, 5000, 0, 0
76, 134, 486, 339, 134, 486, 5000, 0, 0
77, 134, 486, 339, 134, 486, 5000, 0, 0
78, 134, 486, 339, 134, 486, 5000, 0, 0
79, 134, 486, 339, 134, 486, 5000, 0, 0
80, 134, 486, 339, 134, 486, 5000, 0, 0
81, 134, 486, 339, 134, 486, 5000, 0, 0
82, 134, 486, 339, 134, 486, 5000, 0, 0
83, 134, 486, 339, 134, 486, 5000, 0, 0
84, 134, 486, 339, 134, 486, 5000, 0, 0
85, 134, 486, 339, 134, 486, 5000, 0, 0
86, 134, 486, 339, 134, 486, 5000, 0, 0
87, 134, 486, 339, 134, 486, 5000, 0, 0
88, 134, 486, 339, 134, 486, 5000, 0, 0
89, 134, 486, 339, 134, 486, 5000, 0, 0
90, 134, 486, 339, 134, 486, 5000, 0, 0
91, 134, 486, 339, 134, 486, 5000, 0, 0
92, 134, 486, 339, 134, 486, 5000, 0, 0
93, 134, 486, 339, 134, 486, 5000, 0, 0
94, 134, 486, 339, 134, 486, 5000, 0, 0
95, 134, 486, 339, 134, 486, 5000, 0, 0
96, 134, 486, 339, 134, 486, 5000, 0, 0
97, 134, 486, 339, 134, 486, 5000, 0, 0
98, 134, 486, 339, 134, 486, 5000, 0, 0
99, 134, 486, 339, 134, 486, 5000, 0, 0
100, 134, 486, 339, 134, 486, 5000, 0, 0
101, 134, 486, 339, 134, 486, 5000, 0, 0
102, 134, 486, 339, 134, 486, 5000, 0, 0
103, 134, 486, 339, 134, 486, 5000, 0, 0
104, 134, 486, 339, 134, 486, 5000, 0, 0
105, 134, 486, 339, 134, 486, 5000, 0, 0
106, 134, 486, 339, 134, 486, 5000, 0, 0
107, 134, 486, 339, 134, 486, 5000, 0, 0
108, 134, 486, 339, 134, 486, 5000, 0, 0
109, 134, 486, 339, 134, 486, 5000, 0, 0
110, 134, 486, 339, 134, 486, 5000, 0, 0
111, 134, 486, 339, 134, 486, 5000, 0, 0
112, 134, 486, 339, 134, 486, 5000, 0, 0
113, 134, 486, 339, 134, 486, 5000, 0, 0
114, 134, 486, 339, 134, 486, 5000, 0, 0
115, 134, 486, 339, 134, 486, 5000, 0, 0
116, 134, 486, 339, 134, 486, 5000, 0, 0
117, 134, 486, 339, 134, 486, 5000, 0, 0
118, 134, 486, 339, 134, 486, 5000, 0, 0
119, 134, 486, 339, 134, 486, 5000, 0, 0
120, 134, 486, 339, 134, 486, 5000, 0, 0
121, 134, 486, 339, 134, 486, 5000, 0, 0
122, 134, 486, 339, 134, 486, 5000, 0, 0
123, 134, 486, 339, 134, 486, 5000, 0, 0
124, 134, 486, 339, 134, 486, 5000, 0, 0
125, 134, 486, 339, 134, 486, 5000, 0, 0
126, 134, 486, 339, 134, 486, 5000, 0, 0
127, 134, 486, 339, 134, 486, 5000, 0, 0
128, 134, 486, 339, 134, 486, 5000, 0, 0
129, 134, 486, 339, 134, 486, 5000, 0, 0
130, 134, 486, 339, 134, 486, 5000, 0, 0
131, 134, 486, 339, 134, 486, 5000, 0, 0
132, 134, 486, 339, 134, 486, 5000, 0, 0
133, 134, 486, 339, 134, 486, 5000, 0, 0
134, 134, 486, 339, 134, 486, 5000, 0, 0
135, 134, 486, 339, 134, 486, 5000, 0, 0
136, 134, 486, 339, 134, 486, 5000, 0, 0
137, 134, 486, 339, 134, 486, 5000, 0, 0
138, 134, 486, 339, 134, 486, 5000, 0, 0
139, 134, 486, 339, 134, 486, 5000, 0, 0
140, 134, 486, 339, 134, 486, 5000, 0, 0
141, 134, 486, 339, 134, 486, 5000, 0, 0
142, 134, 486, 339, 134, 486, 5000, 0, 0
143, 134, 486, 339, 134, 486, 5000, 0, 0
144, 134, 486, 339, 134, 486, 5000, 0, 0
145, 134, 486, 339, 134, 486, 5000, 0, 0
146, 134, 486, 339, 134, 486, 5000, 0, 0
147, 134, 486, 339, 134, 486, 5000, 0, 0
148, 134, 486, 339, 134, 486, 5000, 0, 0
149, 134, 486, 339, 134, 486, 5000, 0, 0
150, 134, 486, 339, 134, 486, 5000, 0, 0
151, 134, 486, 339, 134, 486, 5000, 0, 0
152, 134, 486, 339, 134, 486, 5000, 0, 0
153, 134, 486, 339, 134, 486, 5000, 0, 0
154, 134, 486, 339, 134, 486, 5000, 0, 0
155, 134, 486, 339, 134, 486, 5000, 0, 0
156, 134, 486, 339, 134, 486, 5000, 0, 0
157, 134, 486, 339, 134, 486, 5000, 0, 0
158, 134, 486, 339, 134, 486, 5000, 0, 0
159, 134, 486, 339, 134, 486, 5000, 0, 0
160, 134, 486, 339, 134, 486, 5000, 0, 0
161, 134, 486, 339, 134, 486, 5000, 0, 0
162, 134, 486, 339, 134, 486, 5000, 0, 0
163, 134, 486, 339, 134, 486, 5000, 0, 0
164, 134, 486, 339, 134, 486, 5000, 0, 0
165, 134, 486, 339, 134, 486, 5000, 0, 0
166, 134, 486, 339, 134, 486, 5000, 0, 0
167, 134, 486, 339, 134, 486, 5000, 0, 0
168, 134, 486, 339, 134, 486, 5000, 0, 0
169, 134, 486, 339, 134, 486, 5000, 0, 0
170, 134, 486, 339, 134, 486, 5000, 0, 0
171, 134, 486, 339, 134, 486, 5000, 0, 0
172, 134, 486, 339, 134, 486, 5000, 0, 0
173, 134, 486, 339, 134, 486, 5000, 0, 0
174, 134, 486, 339, 134, 486, 5000, 0, 0
175, 134, 486, 339, 134, 486, 5000, 0, 0
176, 134, 486, 339, 134, 486, 5000, 0, 0
177, 134, 486, 339, 134, 486, 5000, 0, 0
178, 134, 486, 339, 134, 486, 5000, 0, 0
179, 134, 486, 339, 134, 486, 5000, 0, 0
180, 134, 486, 339, 134, 486, 5000, 0, 0
181, 134, 486, 339, 134, 486, 5000, 0, 0
182, 134, 486, 339, 134, 486, 5000, 0, 0
183, 134, 486, 339, 134, 486, 5000, 0, 0
184, 134, 486, 339, 134, 486, 5000, 0, 0
185, 134, 486, 339, 134, 486, 5000, 0, 0
186, 134, 486, 339, 134, 486, 5000, 0, 0
187, 134, 486, 339, 134, 486, 5000, 0, 0
188, 134, 486, 339, 134, 486, 5000, 0, 0
189, 134, 486, 339, 134, 486, 5000, 0, 0
190, 134, 486, 339, 134, 486, 5000, 0, 0
191, 134, 486, 339, 134, 486, 5000, 0, 0
192, 134, 486, 339, 134, 486, 5000, 0, 0
193, 134, 486, 339, 134, 486, 5000, 0, 0
194, 134, 486, 339, 134, 486, 5000, 0, 0
195, 134, 486, 339, 134, 486, 5000, 0, 0
196, 134, 486, 339, 134, 486, 5000, 0, 0
197, 134, 486, 339, 134, 486, 5000, 0, 0
198, 134, 486, 339, 134, 486, 5000, 0, 0
199, 134, 486, 339, 134, 486, 5000, 0, 0
200, 134, 486, 339, 134, 486, 5000, 0, 0
201, 134, 486, 339, 134, 486, 5000, 0, 0
202, 134, 486, 339, 134, 486, 5000, 0, 0
203, 134, 486, 339, 134, 486, 5000, 0, 0
204, 134, 486, 339, 134, 486, 5000, 0, 0
205, 134, 486, 339, 134, 486, 5000, 0, 0
206, 134, 486, 339, 134, 486, 5000, 0, 0
207, 134, 486, 339, 134, 486, 5000, 0, 0
208, 134, 486, 339, 134, 486, 5000, 0, 0
209, 134, 486, 339, 134, 486, 5000, 0, 0
210, 134, 486, 339, 134, 486, 5000, 0, 0
211, 134, 486, 339, 134, 486, 5000, 0, 0
212, 134, 486, 339, 134, 486, 5000, 0, 0
213, 134, 486, 339, 134, 486, 5000, 0, 0
214, 134, 486, 339, 134, 486, 5000, 0, 0
215, 134, 486, 339, 134, 486, 5000, 0, 0
216, 134, 486, 339, 134, 486, 5000, 0, 0
217, 134, 486, 339, 134, 486, 5000, 0, 0
218, 134, 486, 339, 134, 486, 5000, 0, 0
219, 134, 486, 339, 134, 486, 5000, 0, 0
220, 134, 486, 339, 134, 486, 5000, 0, 0
221, 134, 486, 339, 134, 486, 5000, 0, 0
222, 134, 486, 339, 134, 486, 5000, 0, 0
223, 134, 486, 339, 134, 486, 5000, 0, 0
224, 134, 486, 339, 134, 486, 5000, 0, 0
225, 134, 486, 339, 134, 486, 5000, 0, 0
226, 134, 486, 339, 134, 486, 5000, 0, 0
227, 134, 486, 339, 134, 486, 5000, 0, 0
228, 134, 486, 339, 134, 486, 5000, 0, 0
229, 134, 486, 339, 134, 486, 5000, 0, 0
230, 134, 486, 339, 134, 486, 5000, 0, 0
231, 134, 486, 339, 134, 486, 5000, 0, 0
232, 134, 486, 339, 134, 486, 5000, 0, 0
233, 134, 486, 339, 134, 486, 5000, 0, 0
234, 134, 486, 339, 134, 486, 5000, 0, 0
235, 134, 486, 339, 134, 486, 5000, 0, 0
236, 134, 486, 339, 134, 486, 5000, 0, 0
237, 134, 486, 339, 134, 486, 5000, 0, 0
238, 134, 486, 339, 134, 486, 5000, 0, 0
239, 134, 486, 339, 134, 486, 5000, 0, 0
240, 134, 486, 339, 134, 486, 5000, 0, 0
241, 134, 486, 339, 134, 486, 5000, 0, 0
242, 134, 486, 339, 134, 486, 5000, 0, 0
243, 134, 486, 339, 134, 486, 5000, 0, 0
244, 134, 486, 339, 134, 486, 5000, 0, 0
245, 134, 486, 339, 134, 486, 5000, 0, 0
246, 134, 486, 339, 134, 486, 5000, 0, 0
247, 134, 486, 339, 134, 486, 5000, 0, 0
248, 134, 486, 339, 134, 486, 5000, 0, 0
249, 134, 486, 339, 134, 486, 5000, 0, 0
250, 134, 486, 339, 134, 486, 5000, 0, 0
251, 134, 486, 339, 134, 486, 5000, 0, 0
252, 134, 486, 339, 134, 486, 5000, 0, 0
253, 134, 486, 339, 134, 486, 5000, 0, 0
254, 134, 486, 339, 134, 486, 5000, 0, 0
255, 134, 486, 339, 134, 486, 5000, 0, 0
256, 134, 486, 339, 134, 486, 5000, 0, 0
257, 134, 486, 339, 134, 486, 5000, 0, 0
258, 134, 486, 339, 134, 486, 5000, 0, 0
259, 134, 486, 339, 134, 486, 5000, 0, 0
260, 134, 486, 339, 134, 486, 5000, 0, 0
261, 134, 486, 339, 134, 486, 5000, 0, 0
262, 134, 486, 339, 134, 486, 5000, 0, 0
263, 134, 486, 339, 134, 486, 5000, 0, 0
264, 134, 486, 339, 134, 486, 5000, 0, 0
265, 134, 486, 339, 134, 486, 5000, 0, 0
266, 134, 486, 339, 134, 486, 5000, 0, 0
267, 134, 486, 339, 134, 486, 5000, 0, 0
268, 134, 486, 339, 134, 486, 5000, 0, 0
269, 134, 486, 339, 134, 486, 5000, 0, 0
270, 134, 486, 339, 134, 486, 5000, 0, 0
271, 134, 486, 339, 134, 486, 5000, 0, 0
272, 134, 486, 339, 134, 486, 5000, 0, 0
273, 134, 486, 339, 134, 486, 5000, 0, 0
274, 134, 486, 339, 134, 486, 5000, 0, 0
275, 134, 486, 339, 134, 486, 5000, 0, 0
276, 134, 486, 339, 134, 486, 5000, 0, 0
277, 134, 486, 339, 134, 486, 5000, 0, 0
278, 134, 486, 339, 134, 486, 5000, 0, 0
279, 134, 486, 339, 134, 486, 5000, 0, 0
280, 134, 486, 339, 134, 486, 5000, 0, 0
281, 134, 486, 339, 134, 486, 5000, 0, 0
282, 134, 486, 339, 134, 486, 5000, 0, 0
283, 134, 486, 339, 134, 486, 5000, 0, 0
284, 134, 486, 339, 134, 486, 5000, 0, 0
285, 134, 486, 339, 134, 486, 5000, 0, 0
286, 134, 486, 339, 134, 486, 5000, 0, 0
287, 134, 486, 339, 134, 486, 5000, 0, 0
288, 134, 486, 339, 134, 486, 5000, 0, 0
289, 134, 486, 339, 134, 486, 5000, 0, 0
290, 134, 486, 339, 134, 486, 5000, 0, 0
291, 134, 486, 339, 134, 486, 5000, 0, 0
292, 134, 486, 339, 134, 486, 5000, 0, 0
293, 134, 486, 339, 134, 486, 5000, 0, 0
294, 134, 486, 339, 134, 486, 5000, 0, 0
295, 134, 486, 339, 134, 486, 5000, 0, 0
296, 134, 486, 339, 134, 486, 5000, 0, 0
297, 134, 486, 339, 134, 486, 5000, 0, 0
298, 134, 486, 339, 134, 486, 5000, 0, 0
299, 134, 486, 339, 134, 486, 5000, 0, 0
300, 134, 486, 339, 134, 486, 5000, 0, 0
301, 134, 486, 339, 134, 486, 5000, 0, 0
302, 134, 486, 339, 134, 486, 5000, 0, 0
303, 134, 486, 339, 134, 486, 5000, 0, 0
304, 134, 486, 339, 134, 486, 5000, 0, 0
305, 134, 486, 339, 134, 486, 5000, 0, 0
306, 134, 486, 339, 134, 486, 5000, 0, 0
307, 134, 486, 339, 134, 486, 5000, 0, 0
308, 134, 486, 339, 134, 486, 5000, 0, 0
309, 134, 486, 339, 134, 486, 5000, 0, 0
310, 134, 486, 339, 134, 486, 5000, 0, 0
311, 134, 486, 339, 134, 486, 5000, 0, 0
312, 134, 486, 339, 134, 486, 5000, 0, 0
313, 134, 486, 339, 134, 486, 5000, 0, 0
314, 134, 486, 339, 134, 486, 5000, 0, 0
315, 134, 486, 339, 134, 486, 5000, 0, 0
316, 134, 486, 339, 134, 486, 5000, 0, 0
317, 134, 486, 339, 134, 486, 5000, 0, 0
318, 134, 486, 339, 134, 486, 5000, 0, 0
319, 134, 486, 339, 134, 486, 5000, 0, 0
320, 134, 486, 339, 134, 486, 5000, 0, 0
321, 134, 486, 339, 134, 486, 5000, 0, 0
322, 134, 486, 339, 134, 486, 5000, 0, 0
323, 134, 486, 339, 134, 486, 5000, 0, 0
324, 134, 486, 339, 134, 486, 5000, 0, 0
325, 134, 486, 339, 134, 486, 5000, 0, 0
326, 134, 486, 339, 134, 486, 5000, 0, 0
327, 134, 486, 339, 134, 486, 5000, 0, 0
328, 134, 486, 339, 134, 486, 5000, 0, 0
329, 134, 486, 339, 134, 486, 5000, 0, 0
330, 134, 486, 339, 134, 486, 5000, 0, 0
331, 134, 486, 339, 134, 486, 5000, 0, 0
332, 134, 486, 339, 134, 486, 5000, 0, 0
333, 134, 486, 339, 134, 486, 5000, 0, 0
334, 134, 486, 339, 134, 486, 5000, 0, 0
335, 134, 486, 339, 134, 486, 5000, 0, 0
336, 134, 486, 339, 134, 486, 5000, 0, 0
337, 134, 486, 339, 134, 486, 5000, 0, 0
338, 134, 486, 339, 134, 486, 5000, 0, 0
339, 134, 486, 339, 134, 486, 5000, 0, 0
340, 134, 486, 339, 134, 486, 5000, 0, 0
341, 134, 486, 339, 134, 486, 5000, 0, 0
342, 134, 486, 339, 134, 486, 5000, 0, 0
343, 134, 486, 339, 134, 486, 5000, 0, 0
344, 134, 486, 339, 134, 486, 5000, 0, 0
345, 134, 486, 339, 134, 486, 5000, 0, 0
346, 134, 486, 339, 134, 486, 5000, 0, 0
347, 134, 486, 339, 134, 486, 5000, 0, 0
348, 134, 486, 339, 134, 486, 5000, 0, 0
349, 134, 486, 339, 134, 486, 5000, 0, 0
350, 134, 486, 339, 134, 486, 5000, 0, 0
351, 134, 486, 339, 134, 486, 5000, 0, 0
352, 134, 486, 339, 134, 486, 5000, 0, 0
353, 134, 486, 339, 134, 486, 5000, 0, 0
354, 134, 486, 339, 134, 486, 5000, 0, 0
355, 134, 486, 339, 134, 486, 5000, 0, 0
356, 134, 486, 339, 134, 486, 5000, 0, 0
357, 134, 486, 339, 134, 486, 5000, 0, 0
358, 134, 486, 339, 134, 486, 5000, 0, 0
359, 134, 486, 339, 134, 486, 5000, 0, 0
360, 134, 486, 339, 134, 486, 5000, 0, 0
361, 134, 486, 339, 134, 486, 5000, 0, 0
362, 134, 486, 339, 134, 486, 5000, 0, 0
363, 134, 486, 339, 134, 486, 5000, 0, 0
364, 134, 486, 339, 134, 486, 5000, 0, 0
365, 134, 486, 339, 134, 486, 5000, 0, 0
366, 134, 486, 339, 134, 486, 5000, 0, 0
367, 134, 486, 339, 134, 486, 5000, 0, 0
368, 134, 486, 339, 134, 486, 5000, 0, 0
369, 134, 486, 339, 134, 486, 5000, 0, 0
370, 134, 486, 339, 134, 486, 5000, 0, 0
371, 134, 486, 339, 134, 486, 5000, 0, 0
372, 134, 486, 339, 134, 486, 5000, 0, 0
373, 134, 486, 339, 134, 486, 5000, 0, 0
374, 134, 486, 339, 134, 486, 5000, 0, 0
375, 134, 486, 339, 134, 486, 5000, 0, 0
376, 134, 486, 339, 134, 486, 5000, 0, 0
377, 134, 486, 339, 134, 486, 5000, 0, 0
378, 134, 486, 339, 134, 486, 5000, 0, 0
379, 134, 486, 339, 134, 486, 5000, 0, 0
380, 134, 486, 339, 134, 486, 5000, 0, 0
381, 134, 486, 339, 134, 486, 5000, 0, 0
382, 134, 486, 339, 134, 486, 5000, 0, 0
383, 134, 486, 339, 134, 486, 5000, 0, 0
384, 134, 486, 339, 134, 486, 5000, 0, 0
385, 134, 486, 339, 134, 486, 5000, 0, 0
386, 134, 486, 339, 134, 486, 5000, 0, 0
387, 134, 486, 339, 134, 486, 5000, 0, 0
388, 134, 486, 339, 134, 486, 5000, 0, 0
389, 134, 486, 339, 134, 486, 5000, 0, 0
390, 134, 486, 339, 134, 486, 5000, 0, 0
391, 134, 486, 339, 134, 486, 5000, 0, 0
392, 134, 486, 339, 134, 486, 5000, 0, 0
393, 134, 486, 339, 134, 486, 5000, 0, 0
394, 134, 486, 339, 134, 486, 5000, 0, 0
395, 134, 486, 339, 134, 486, 5000, 0, 0
396, 134, 486, 339, 134, 486, 5000, 0, 0
397, 134, 486, 339, 134, 486, 5000, 0, 0
398, 134, 486, 339, 134, 486, 5000, 0, 0
399, 134, 486, 339, 134, 486, 5000, 0, 0
400, 134, 486, 339, 134, 486, 5000, 0, 0
401, 134, 486, 339, 134, 486, 5000, 0, 0
402, 134, 486, 339, 134, 486, 5000, 0, 0
403, 134, 486, 339, 134, 486, 5000, 0, 0
404, 134, 486, 339, 134, 486, 5000, 0, 0
405, 134, 486, 339, 134, 486, 5000, 0, 0
406, 134, 486, 339, 134, 486, 5000, 0, 0
407, 134, 486, 339, 134, 486, 5000, 0, 0
408, 134, 486, 339, 134, 486, 5000, 0, 0
409, 134, 486, 339, 134, 486, 5000, 0, 0
410, 134, 486, 339, 134, 486, 5000, 0, 0
411, 134, 486, 339, 134, 486, 5000, 0, 0
412, 134, 486, 339, 134, 486, 5000, 0, 0
413, 134, 486, 339, 134, 486, 5000, 0, 0
414, 134, 486, 339, 134, 486, 5000, 0, 0
415, 134, 486, 339, 134, 486, 5000, 0, 0
416, 134, 486, 339, 134, 486, 5000, 0, 0
417, 134, 486, 339, 134, 486, 5000, 0, 0
418, 134, 486, 339, 134, 486, 5000, 0, 0
419, 134, 486, 339, 134, 486, 5000, 0, 0
420, 134, 486, 339, 134, 486, 5000, 0, 0
421, 134, 486, 339, 134, 486, 5000, 0, 0
422, 134, 486, 339, 134, 486, 5000, 0, 0
423, 134, 486, 339, 134, 486, 5000, 0, 0
424, 134, 486, 339, 134, 486, 5000, 0, 0
425, 134, 486, 339, 134, 486, 5000, 0, 0
426, 134, 486, 339, 134, 486, 5000, 0, 0
427, 134, 486, 339, 134, 486, 5000, 0, 0
428, 134, 486, 339, 134, 486, 5000, 0, 0
429, 134, 486, 339, 134, 486, 5000, 0, 0
430, 134, 486, 339, 134, 486, 5000, 0, 0
431, 134, 486, 339, 134, 486, 5000, 0, 0
432, 134, 486, 339, 134, 486, 5000, 0, 0
433, 134, 486, 339, 134, 486, 5000, 0, 0
434, 134, 486, 339, 134, 486, 5000, 0, 0
435, 134, 486, 339, 134, 486, 5000, 0, 0
436, 134, 486, 339, 134, 486, 5000, 0, 0
437, 134, 486, 339, 134, 486, 5000, 0, 0
438, 134, 486, 339, 134, 486, 5000, 0, 0
439, 134, 486, 339, 134, 486, 5000, 0, 0
440, 134, 486, 339, 134, 486, 5000, 0, 0
441, 134, 486, 339, 134, 486, 5000, 0, 0
442, 134, 486, 339, 134, 486, 5000, 0, 0
443, 134, 486, 339, 134, 486, 5000, 0, 0
444, 134, 486, 339, 134, 486, 5000, 0, 0
445, 134, 486, 339, 134, 486, 5000, 0, 0
446, 134, 486, 339, 134, 486, 5000, 0, 0
447, 134, 486, 339, 134, 486, 5000, 0, 0
448, 134, 486, 339, 134, 486, 5000, 0, 0
449, 134, 486, 339, 134, 486, 5000, 0, 0
450, 134, 486, 339, 134, 486, 5000, 0, 0
451, 134, 486, 339, 134, 486, 5000, 0, 0
452, 134, 486, 339, 134, 486, 5000, 0, 0
453, 134, 486, 339, 134, 486, 5000, 0, 0
454, 134, 486, 339, 134, 486, 5000, 0, 0
455, 134, 486, 339, 134, 486, 5000, 0, 0
456, 134, 486, 339, 134, 486, 5000, 0, 0
457, 134, 486, 339, 134, 486, 5000, 0, 0
458, 134, 486, 339, 134, 486, 5000, 0, 0
459, 134, 486, 339, 134, 486, 5000, 0, 0
460, 134, 486, 339, 134, 486, 5000, 0, 0
461, 134, 486, 339, 134, 486, 5000, 0, 0
462, 134, 486, 339, 134, 486, 5000, 0, 0
463, 134, 486, 339, 134, 486, 5000, 0, 0
464, 134, 486, 339, 134, 486, 5000, 0, 0
465, 134, 486, 339, 134, 486, 5000, 0, 0
466, 134, 486, 339, 134, 486, 5000, 0, 0
467, 134, 486, 339, 134, 486, 5000, 0, 0
468, 134, 486, 339, 134, 486, 5000, 0, 0
469, 134, 486, 339, 134, 486, 5000, 0, 0
470, 134, 486, 339, 134, 486, 5000, 0, 0
471, 134, 486, 339, 134, 486, 5000, 0, 0
472, 134, 486, 339, 134, 486, 5000, 0, 0
473, 134, 486, 339, 134, 486, 5000, 0, 0
474, 134, 486, 339, 134, 486, 5000, 0, 0
475, 134, 486, 339, 134, 486, 5000, 0, 0
476, 134, 486, 339, 134, 486, 5000, 0, 0
477, 134, 486, 339, 134, 486, 5000, 0, 0
478, 134, 486, 339, 134, 486, 5000, 0, 0
479, 134, 486, 339, 134, 486, 5000, 0, 0
480, 134, 486, 339, 134, 486, 5000, 0, 0
481, 134, 486, 339, 134, 486, 5000, 0, 0
482, 134, 486, 339, 134, 486, 5000, 0, 0
483, 134, 486, 339, 134, 486, 5000, 0, 0
484, 134, 486, 339, 134, 486, 5000, 0, 0
485, 134, 486, 339, 134, 486, 5000, 0, 0
486, 134, 486, 339, 134, 486, 5000, 0, 0
487, 134, 486, 339, 134, 486, 5000, 0, 0
488, 134, 486, 339, 134, 486, 5000, 0, 0
489, 134, 486, 339, 134, 486, 5000, 0, 0
490, 134, 486, 339, 134, 486, 5000, 0, 0
491, 134, 486, 339, 134, 486, 5000, 0, 0
492, 134, 486, 339, 134, 486, 5000, 0, 0
493, 134, 486, 339, 134, 486, 5000, 0, 0
494, 134, 486, 339, 134, 486, 5000, 0, 0
495, 134, 486, 339, 134, 486, 5000, 0, 0
496, 134, 486, 339, 134, 486, 5000, 0, 0
497, 134, 486, 339, 134, 486, 5000, 0, 0
498, 134, 486, 339, 134, 486, 5000, 0, 0
499, 134, 486, 339, 134, 486, 5000, 0, 0
500, 134, 486, 339, 134, 486, 5000, 0, 0
501, 134, 486, 339, 134, 486, 5000, 0, 0
502, 134, 486, 339, 134, 486, 5000, 0, 0
503, 134, 486, 339, 134, 486, 5000, 0, 0
504, 134, 486, 339, 134, 486, 5000, 0, 0
505, 134, 486, 339, 134, 486, 5000, 0, 0
506, 134, 486, 339, 134, 486, 5000, 0, 0
507, 134, 486, 339, 134, 486, 5000, 0, 0
508, 134, 486, 339, 134, 486, 5000, 0, 0
509, 134, 486, 339, 134, 486, 5000, 0, 0
510, 134, 486, 339, 134, 486, 5000, 0, 0
511, 134, 486, 339, 134, 486, 5000, 0, 0
512, 134, 486, 339, 134, 486, 5000, 0, 0
513, 134, 486, 339, 134, 486, 5000, 0, 0
514, 134, 486, 339, 134, 486, 5000, 0, 0
515, 134, 486, 339, 134, 486, 5000, 0, 0
516, 134, 486, 339, 134, 486, 5000, 0, 0
517, 134, 486, 339, 134, 486, 5000, 0, 0
518, 134, 486, 339, 134, 486, 5000, 0, 0
519, 134, 486, 339, 134, 486, 5000, 0, 0
520, 134, 486, 339, 134, 486, 5000, 0, 0
521, 134, 486, 339, 134, 486, 5000, 0, 0
522, 134, 486, 339, 134, 486, 5000, 0, 0
523, 134, 486, 339, 134, 486, 5000, 0, 0
524, 134, 486, 339, 134, 486, 5000, 0, 0
525, 134, 486, 339, 134, 486, 5000, 0, 0
526, 134, 486, 339, 134, 486, 5000, 0, 0
527, 134, 486, 339, 134, 486, 5000, 0, 0
528, 134, 486, 339, 134, 486, 5000, 0, 0
529, 134, 486, 339, 134, 486, 5000, 0, 0
530, 134, 486, 339, 134, 486, 5000, 0, 0
531, 134, 486, 339, 134, 486, 5000, 0, 0
532, 134, 486, 339, 134, 486, 5000, 0, 0
533, 134, 486, 339, 134, 486, 5000, 0, 0
534, 134, 486, 339, 134, 486, 5000, 0, 0
535, 134, 486, 339, 134, 486, 5000, 0, 0
536, 134, 486, 339, 134, 486, 5000, 0, 0
537, 134, 486, 339, 134, 486, 5000, 0, 0
538, 134, 486, 339, 134, 486, 5000, 0, 0
539, 134, 486, 339, 134, 486, 5000, 0, 0
540, 134, 486, 339, 134, 486, 5000, 0, 0
541, 134, 486, 339, 134, 486, 5000, 0, 0
542, 134, 486, 339, 134, 486, 5000, 0, 0
543, 134, 486, 339, 134, 486, 5000, 0, 0
544, 134, 486, 339, 134, 486, 5000, 0, 0
545, 134, 486, 339, 134, 486, 5000, 0, 0
546, 134, 486, 339, 134, 486, 5000, 0, 0
547, 134, 486, 339, 134, 486, 5000, 0, 0
548, 134, 486, 339, 134, 486, 5000, 0, 0
549, 134, 486, 339, 134, 486, 5000, 0, 0
550, 134, 486, 339, 134, 486, 5000, 0, 0
551, 134, 486, 339, 134, 486, 5000, 0, 0
552, 134, 486, 339, 134, 486, 5000, 0, 0
553, 134, 486, 339, 134, 486, 5000, 0, 0
554, 134, 486, 339, 134, 486, 5000, 0, 0
555, 134, 486, 339, 134, 486, 5000, 0, 0
556, 134, 486, 339, 134, 486, 5000, 0, 0
557, 134, 486, 339, 134, 486, 5000, 0, 0
558, 134, 486, 339, 134, 486, 5000, 0, 0
559, 134, 486, 339, 134, 486, 5000, 0, 0
560, 134, 486, 339, 134, 486, 5000, 0, 0
561, 134, 486, 339, 134, 486, 5000, 0, 0
562, 134, 486, 339, 134, 486, 5000, 0, 0
563, 134, 486, 339, 134, 486, 5000, 0, 0
564, 134, 486, 339, 134, 486, 5000, 0, 0
565, 134, 486, 339, 134, 486, 5000, 0, 0
566, 134, 486, 339, 134, 486, 5000, 0, 0
567, 134, 486, 339, 134, 486, 5000, 0, 0
568, 134, 486, 339, 134, 486, 5000, 0, 0
569, 134, 486, 339, 134, 486, 5000, 0, 0
570, 134, 486, 339, 134, 486, 5000, 0, 0
571, 134, 486, 339, 134, 486, 5000, 0, 0
572, 134, 486, 339, 134, 486, 5000, 0, 0
573, 134, 486, 339, 134, 486, 5000, 0, 0
574, 134, 486, 339, 134, 486, 5000, 0, 0
575, 134, 486, 339, 134, 486, 5000, 0, 0
576, 134, 486, 339, 134, 486, 5000, 0, 0
577, 134, 486, 339, 134, 486, 5000, 0, 0
578, 134, 486, 339, 134, 486, 5000, 0, 0
579, 134, 486, 339, 134, 486, 5000, 0, 0
580, 134, 486, 339, 134, 486, 5000, 0, 0
581, 134, 486, 339, 134, 486, 5000, 0, 0
582, 134, 486, 339, 134, 486, 5000, 0, 0
583, 134, 486, 339, 134, 486, 5000, 0, 0
584, 134, 486, 339, 134, 486, 5000, 0, 0
585, 134, 486, 339, 134, 486, 5000, 0, 0
586, 134, 486, 339, 134, 486, 5000, 0, 0
587, 134, 486, 339, 134, 486, 5000, 0, 0
588, 134, 486, 339, 134, 486, 5000, 0, 0
589, 134, 486, 339, 134, 486, 5000, 0, 0
590, 134, 486, 339, 134, 486, 5000, 0, 0
591, 134, 486, 339, 134, 486, 5000, 0, 0
592, 134, 486, 339, 134, 486, 5000, 0, 0
593, 134, 486, 339, 134, 486, 5000, 0, 0
594, 134, 486, 339, 134, 486, 5000, 0, 0
595, 134, 486, 339, 134, 486, 5000, 0, 0
596, 134, 486, 339, 134, 486, 5000, 0, 0
597, 134, 486, 339, 134, 486, 5000, 0, 0
598, 134, 486, 339, 134, 486, 5000, 0, 0
599, 134, 486, 339, 134, 486, 5000, 0, 0
600, 134, 486, 339, 134, 486, 5000, 0, 0
601, 134, 486, 339, 134, 486, 5000, 0, 0
602, 134, 486, 339, 134, 486, 5000, 0, 0
603, 134, 486, 339, 134, 486, 5000, 0, 0
604, 134, 486, 339, 134, 486, 5000, 0, 0
605, 134, 486, 339, 134, 486, 5000, 0, 0
606, 134, 486, 339, 134, 486, 5000, 0, 0
607, 134, 486, 339, 134, 486, 5000, 0, 0
608, 134, 486, 339, 134, 486, 5000, 0, 0
609, 134, 486, 339, 134, 486, 5000, 0, 0
610, 134, 486, 339, 134, 486, 5000, 0, 0
611, 134, 486, 339, 134, 486, 5000, 0, 0
612, 134, 486, 339, 134, 486, 5000, 0, 0
613, 134, 486, 339, 134, 486, 5000, 0, 0
614, 134, 486, 339, 134, 486, 5000, 0, 0
615, 134, 486, 339, 134, 486, 5000, 0, 0
616, 134, 486, 339, 134, 486, 5000, 0, 0
617, 134, 486, 339, 134, 486, 5000, 0, 0
618, 134, 486, 339, 134, 486, 5000, 0, 0
619, 134, 486, 339, 134, 486, 5000, 0, 0
620, 134, 486, 339, 134, 486, 5000, 0, 0
621, 134, 486, 339, 134, 486, 5000, 0, 0
622, 134, 486, 339, 134, 486, 5000, 0, 0
623, 134, 486, 339, 134, 486, 5000, 0, 0
624, 134, 486, 339, 134, 486, 5000, 0, 0
625, 134, 486, 339, 134, 486, 5000, 0, 0
626, 134, 486, 339, 134, 486, 5000, 0, 0
627, 134, 486, 339, 134, 486, 5000, 0, 0
628, 134, 486, 339, 134, 486, 5000, 0, 0
629, 134, 486, 339, 134, 486, 5000, 0, 0
630, 134, 486, 339, 134, 486, 5000, 0, 0
631, 134, 486, 339, 134, 486, 5000, 0, 0
632, 134, 486, 339, 134, 486, 5000, 0, 0
633, 134, 486, 339, 134, 486, 5000, 0, 0
634, 134, 486, 339, 134, 486, 5000, 0, 0
635, 134, 486, 339, 134, 486, 5000, 0, 0
636, 134, 486, 339, 134, 486, 5000, 0, 0
637, 134, 486, 339, 134, 486, 5000, 0, 0
638, 134, 486, 339, 134, 486, 5000, 0, 0
639, 134, 486, 339, 134, 486, 5000, 0, 0
640, 134, 486, 339, 134, 486, 5000, 0, 0
641, 134, 486, 339, 134, 486, 5000, 0, 0
642, 134, 486, 339, 134, 486, 5000, 0, 0
643, 134, 486, 339, 134, 486, 5000, 0, 0
644, 134, 486, 339, 134, 486, 5000, 0, 0
645, 134, 486, 339, 134, 486, 5000, 0, 0
646, 134, 486, 339, 134, 486, 5000, 0, 0
647, 134, 486, 339, 134, 486, 5000, 0, 0
648, 134, 486, 339, 134, 486, 5000, 0, 0
649, 134, 486, 339, 134, 486, 5000, 0, 0
650, 134, 486, 339, 134, 486, 5000, 0, 0
651, 134, 486, 339, 134, 486, 5000, 0, 0
652, 134, 486, 339, 134, 486, 5000, 0, 0
653, 134, 486, 339, 134, 486, 5000, 0, 0
654, 134, 486, 339, 134, 486, 5000, 0, 0
655, 134, 486, 339, 134, 486, 5000, 0, 0
656, 134, 486, 339, 134, 486, 5000, 0, 0
657, 134, 486, 339, 134, 486, 5000, 0, 0
658, 134, 486, 339, 134, 486, 5000, 0, 0
659, 134, 486, 339, 134, 486, 5000, 0, 0
660, 134, 486, 339, 134, 486, 5000, 0, 0
661, 134, 486, 339, 134, 486, 5000, 0, 0
662, 134, 486, 339, 134, 486, 5000, 0, 0
663, 134, 486, 339, 134, 486, 5000, 0, 0
664, 134, 486, 339, 134, 486, 5000, 0, 0
665, 134, 486, 339, 134, 486, 5000, 0, 0
666, 134, 486, 339, 134, 486, 5000, 0, 0
667, 134, 486, 339, 134, 486, 5000, 0, 0
668, 134, 486, 339, 134, 486, 5000, 0, 0
669, 134, 486, 339, 134, 486, 5000, 0, 0
670, 134, 486, 339, 134, 486, 5000, 0, 0
671, 134, 486, 339, 134, 486, 5000, 0, 0
672, 134, 486, 339, 134, 486, 5000, 0, 0
673, 134, 486, 339, 134, 486, 5000, 0, 0
674, 134, 486, 339, 134, 486, 5000, 0, 0
675, 134, 486, 339, 134, 486, 5000, 0, 0
676, 134, 486, 339, 134, 486, 5000, 0, 0
677, 134, 486, 339, 134, 486, 5000, 0, 0
678, 134, 486, 339, 134, 486, 5000, 0, 0
679, 134, 486, 339, 134, 486, 5000, 0, 0
680, 134, 486, 339, 134, 486, 5000, 0, 0
681, 134, 486, 339, 134, 486, 5000, 0, 0
682, 134, 486, 339, 134, 486, 5000, 0, 0
683, 134, 486, 339, 134, 486, 5000, 0, 0
684, 134, 486, 339, 134, 486, 5000, 0, 0
685, 134, 486, 339, 134, 486, 5000, 0, 0
686, 134, 486, 339, 134, 486, 5000, 0, 0
687, 134, 486, 339, 134, 486, 5000, 0, 0
688, 134, 486, 339, 134, 486, 5000, 0, 0
689, 134, 486, 339, 134, 486, 5000, 0, 0
690, 134, 486, 339, 134, 486, 5000, 0, 0
691, 134, 486, 339, 134, 486, 5000, 0, 0
692, 134, 486, 339, 134, 486, 5000, 0, 0
693, 134, 486, 339, 134, 486, 5000, 0, 0
694, 134, 486, 339, 134, 486, 5000, 0, 0
695, 134, 486, 339, 134, 486, 5000, 0, 0
696, 134, 486, 339, 134, 486, 5000, 0, 0
697, 134, 486, 339, 134, 486, 5000, 0, 0
698, 134, 486, 339, 134, 486, 5000, 0, 0
699, 134, 486, 339, 134, 486, 5000, 0, 0
700, 134, 486, 339, 134, 486, 5000, 0, 0
701, 134, 486, 339, 134, 486, 5000, 0, 0
702, 134, 486, 339, 134, 486, 5000, 0, 0
703, 134, 486, 339, 134, 486, 5000, 0, 0
704, 134, 486, 339, 134, 486, 5000, 0, 0
705, 134, 486, 339, 134, 486, 5000, 0, 0
706, 134, 486, 339, 134, 486, 5000, 0, 0
707, 134, 486, 339, 134, 486, 5000, 0, 0
708, 134, 486, 339, 134, 486, 5000, 0, 0
709, 134, 486, 339, 134, 486, 5000, 0, 0
710, 134, 486, 339, 134, 486, 5000, 0, 0
711, 134, 486, 339, 134, 486, 5000, 0, 0
712, 134, 486, 339, 134, 486, 5000, 0, 0
713, 134, 486, 339, 134, 486, 5000, 0, 0
714, 134, 486, 339, 134, 486, 5000, 0, 0
715, 134, 486, 339, 134, 486, 5000, 0, 0
716, 134, 486, 339, 134, 486, 5000, 0, 0
717, 134, 486, 339, 134, 486, 5000, 0, 0
718, 134, 486, 339, 134, 486, 5000, 0, 0
719, 134, 486, 339, 134, 486, 5000, 0, 0
720, 134, 486, 339, 134, 486, 5000, 0, 0
721, 134, 486, 339, 134, 486, 5000, 0, 0
722, 134, 486, 339, 134, 486, 5000, 0, 0
723, 134, 486, 339, 134, 486, 5000, 0, 0
724, 134, 486, 339, 134, 486, 5000, 0, 0
725, 134, 486, 339, 134, 486, 5000, 0, 0
726, 134, 486, 339, 134, 486, 5000, 0, 0
727, 134, 486, 339, 134, 486, 5000, 0, 0
728, 134, 486, 339, 134, 486, 5000, 0, 0
729, 134, 486, 339, 134, 486, 5000, 0, 0
730, 134, 486, 339, 134, 486, 5000, 0, 0
731, 134, 486, 339, 134, 486, 5000, 0, 0
732, 134, 486, 339, 134, 486, 5000, 0, 0
733, 134, 486, 339, 134, 486, 5000, 0, 0
734, 134, 486, 339, 134, 486, 5000, 0, 0
735, 134, 486, 339, 134, 486, 5000, 0, 0
736, 134, 486, 339, 134, 486, 5000, 0, 0
737, 134, 486, 339, 134, 486, 5000, 0, 0
738, 134, 486, 339, 134, 486, 5000, 0, 0
739, 134, 486, 339, 134, 486, 5000, 0, 0
740, 134, 486, 339, 134, 486, 5000, 0, 0
741, 134, 486, 339, 134, 486, 5000, 0, 0
742, 134, 486, 339, 134, 486, 5000, 0, 0
743, 134, 486, 339, 134, 486, 5000, 0, 0
744, 134, 486, 339, 134, 486, 5000, 0, 0
745, 134, 486, 339, 134, 486, 5000, 0, 0
746, 134, 486, 339, 134, 486, 5000, 0, 0
747, 134, 486, 339, 134, 486, 5000, 0, 0
748, 134, 486, 339, 134, 486, 5000, 0, 0
749, 134, 486, 339, 134, 486, 5000, 0, 0
750, 134, 486, 339, 134, 486, 5000, 0, 0
751, 134, 486, 339, 134, 486, 5000, 0, 0
752, 134, 486, 339, 134, 486, 5000, 0, 0
753, 134, 486, 339, 134, 486, 5000, 0, 0
754, 134, 486, 339, 134, 486, 5000, 0, 0
755, 134, 486, 339, 134, 486, 5000, 0, 0
756, 134, 486, 339, 134, 486, 5000, 0, 0
757, 134, 486, 339, 134, 486, 5000, 0, 0
758, 134, 486, 339, 134, 486, 5000, 0, 0
759, 134, 486, 339, 134, 486, 5000, 0, 0
760, 134, 486, 339, 134, 486, 5000, 0, 0
761, 134, 486, 339, 134, 486, 5000, 0, 0
762, 134, 486, 339, 134, 486, 5000, 0, 0
763, 134, 486, 339, 134, 486, 5000, 0, 0
764, 134, 486, 339, 134, 486, 5000, 0, 0
765, 134, 486, 339, 134, 486, 5000, 0, 0
766, 134, 486, 339, 134, 486, 5000, 0, 0
767, 134, 486, 339, 134, 486, 5000, 0, 0
768, 134, 486, 339, 134, 486, 5000, 0, 0
769, 134, 486, 339, 134, 486, 5000, 0, 0
770, 134, 486, 339, 134, 486, 5000, 0, 0
771, 134, 486, 339, 134, 486, 5000, 0, 0
772, 134, 486, 339, 134, 486, 5000, 0, 0
773, 134, 486, 339, 134, 486, 5000, 0, 0
774, 134, 486, 339, 134, 486, 5000, 0, 0
775, 134, 486, 339, 134, 486, 5000, 0, 0
776, 134, 486, 339, 134, 486, 5000, 0, 0
777, 134, 486, 339, 134, 486, 5000, 0, 0
778, 134, 486, 339, 134, 486, 5000, 0, 0
779, 134, 486, 339, 134, 486, 5000, 0, 0
780, 134, 486, 339, 134, 486, 5000, 0, 0
781, 134, 486, 339, 134, 486, 5000, 0, 0
782, 134, 486, 339, 134, 486, 5000, 0, 0
783, 134, 486, 339, 134, 486, 5000, 0, 0
784, 134, 486, 339, 134, 486, 5000, 0, 0
785, 134, 486, 339, 134, 486, 5000, 0, 0
786, 134, 486, 339, 134, 486, 5000, 0, 0
787, 134, 486, 339, 134, 486, 5000, 0, 0
788, 134, 486, 339, 134, 486, 5000, 0, 0
789, 134, 486, 339, 134, 486, 5000, 0, 0
790, 134, 486, 339, 134, 486, 5000, 0, 0
791, 134, 486, 339, 134, 486, 5000, 0, 0
792, 134, 486, 339, 134, 486, 5000, 0, 0
793, 134, 486, 339, 134, 486, 5000, 0, 0
794, 134, 486, 339, 134, 486, 5000, 0, 0
795, 134, 486, 339, 134, 486, 5000, 0, 0
796, 134, 486, 339, 134, 486, 5000, 0, 0
797, 134, 486, 339, 134, 486, 5000, 0, 0
798, 134, 486, 339, 134, 486, 5000, 0, 0
799, 134, 486, 339, 134, 486, 5000, 0, 0
800, 134, 486, 339, 134, 486, 5000, 0, 0
801, 134, 486, 339, 134, 486, 5000, 0, 0
802, 134, 486, 339, 134, 486, 5000, 0, 0
803, 134, 486, 339, 134, 486, 5000, 0, 0
804, 134, 486, 339, 134, 486, 5000, 0, 0
805, 134, 486, 339, 134, 486, 5000, 0, 0
806, 134, 486, 339, 134, 486, 5000, 0, 0
807, 134, 486, 339, 134, 486, 5000, 0, 0
808, 134, 486, 339, 134, 486, 5000, 0, 0
809, 134, 486, 339, 134, 486, 5000, 0, 0
810, 134, 486, 339, 134, 486, 5000, 0, 0
811, 134, 486, 339, 134, 486, 5000, 0, 0
812, 134, 486, 339, 134, 486, 5000, 0, 0
813, 134, 486, 339, 134, 486, 5000, 0, 0
814, 134, 486, 339, 134, 486, 5000, 0, 0
815, 134, 486, 339, 134, 486, 5000, 0, 0
816, 134, 486, 339, 134, 486, 5000, 0, 0
817, 134, 486, 339, 134, 486, 5000, 0, 0
818, 134, 486, 339, 134, 486, 5000, 0, 0
819, 134, 486, 339, 134, 486, 5000, 0, 0
820, 134, 486, 339, 134, 486, 5000, 0, 0
821, 134, 486, 339, 134, 486, 5000, 0, 0
822, 134, 486, 339, 134, 486, 5000, 0, 0
823, 134, 486, 339, 134, 486, 5000, 0, 0
824, 134, 486, 339, 134, 486, 5000, 0, 0
825, 134, 486, 339, 134, 486, 5000, 0, 0
826, 134, 486, 339, 134, 486, 5000, 0, 0
827, 134, 486, 339, 134, 486, 5000, 0, 0
828, 134, 486, 339, 134, 486, 5000, 0, 0
829, 134, 486, 339, 134, 486, 5000, 0, 0
830, 134, 486, 339, 134, 486, 5000, 0, 0
831, 134, 486, 339, 134, 486, 5000, 0, 0
832, 134, 486, 339, 134, 486, 5000, 0, 0
833, 134, 486, 339, 134, 486, 5000, 0, 0
834, 134, 486, 339, 134, 486, 5000, 0, 0
835, 134, 486, 339, 134, 486, 5000, 0, 0
836, 134, 486, 339, 134, 486, 5000, 0, 0
837, 134, 486, 339, 134, 486, 5000, 0, 0
838, 134, 486, 339, 134, 486, 5000, 0, 0
839, 134, 486, 339, 134, 486, 5000, 0, 0
840, 134, 486, 339, 134, 486, 5000, 0, 0
841, 134, 486, 339, 134, 486, 5000, 0, 0
842, 134, 486, 339, 134, 486, 5000, 0, 0
843, 134, 486, 339, 134, 486, 5000, 0, 0
844, 134, 486, 339, 134, 486, 5000, 0, 0
845, 134, 486, 339, 134, 486, 5000, 0, 0
846, 134, 486, 339, 134, 486, 5000, 0, 0
847, 134, 486, 339, 134, 486, 5000, 0, 0
848, 134, 486, 339, 134, 486, 5000, 0, 0
849, 134, 486, 339, 134, 486, 5000, 0, 0
850, 134, 486, 339, 134, 486, 5000, 0, 0
851, 134, 486, 339, 134, 486, 5000, 0, 0
852, 134, 486, 339, 134, 486, 5000, 0, 0
853, 134, 486, 339, 134, 486, 5000, 0, 0
854, 134, 486, 339, 134, 486, 5000, 0, 0
855, 134, 486, 339, 134, 486, 5000, 0, 0
856, 134, 486, 339, 134, 486, 5000, 0, 0
857, 134, 486, 339, 134, 486, 5000, 0, 0
858, 134, 486, 339, 134, 486, 5000, 0, 0
859, 134, 486, 339, 134, 486, 5000, 0, 0
860, 134, 486, 339, 134, 486, 5000, 0, 0
861, 134, 486, 339, 134, 486, 5000, 0, 0
862, 134, 486, 339, 134, 486, 5000, 0, 0
863, 134, 486, 339, 134, 486, 5000, 0, 0
864, 134, 486, 339, 134, 486, 5000, 0, 0
865, 134, 486, 339, 134, 486, 5000, 0, 0
866, 134, 486, 339, 134, 486, 5000, 0, 0
867, 134, 486, 339, 134, 486, 5000, 0, 0
868, 134, 486, 339, 134, 486, 5000, 0, 0
869, 134, 486, 339, 134, 486, 5000, 0, 0
870, 134, 486, 339, 134, 486, 5000, 0, 0
871, 134, 486, 339, 134, 486, 5000, 0, 0
872, 134, 486, 339, 134, 486, 5000, 0, 0
873, 134, 486, 339, 134, 486, 5000, 0, 0
874, 134, 486, 339, 134, 486, 5000, 0, 0
875, 134, 486, 339, 134, 486, 5000, 0, 0
876, 134, 486, 339, 134, 486, 5000, 0, 0
877, 134, 486, 339, 134, 486, 5000, 0, 0
878, 134, 486, 339, 134, 486, 5000, 0, 0
879, 134, 486, 339, 134, 486, 5000, 0, 0
880, 134, 486, 339, 134, 486, 5000, 0, 0
881, 134, 486, 339, 134, 486, 5000, 0, 0
882, 134, 486, 339, 134, 486, 5000, 0, 0
883, 134, 486, 339, 134, 486, 5000, 0, 0
884, 134, 486, 339, 134, 486, 5000, 0, 0
885, 134, 486, 339, 134, 486, 5000, 0, 0
886, 134, 486, 339, 134, 486, 5000, 0, 0
887, 134, 486, 339, 134, 486, 5000, 0, 0
888, 134, 486, 339, 134, 486, 5000, 0, 0
889, 134, 486, 339, 134, 486, 5000, 0, 0
890, 134, 486, 339, 134, 486, 5000, 0, 0
891, 134, 486, 339, 134, 486, 5000, 0, 0
892, 134, 486, 339, 134, 486, 5000, 0, 0
893, 134, 486, 339, 134, 486, 5000, 0, 0
894, 134, 486, 339, 134, 486, 5000, 0, 0
895, 134, 486, 339, 134, 486, 5000, 0, 0
896, 134, 486, 339, 134, 486, 5000, 0, 0
897, 134, 486, 339, 134, 486, 5000, 0, 0
898, 134, 486, 339, 134, 486, 5000, 0, 0
899, 134, 486, 339, 134, 486, 5000, 0, 0
900, 134, 486, 339, 134, 486, 5000, 0, 0
901, 134, 486, 339, 134, 486, 5000, 0, 0
902, 134, 486, 339, 134, 486, 5000, 0, 0
903, 134, 486, 339, 134, 486, 5000, 0, 0
904, 134, 486, 339, 134, 486, 5000, 0, 0
905, 134, 486, 339, 134, 486, 5000, 0, 0
906, 134, 486, 339, 134, 486, 5000, 0, 0
907, 134, 486, 339, 134, 486, 5000, 0, 0
908, 134, 486, 339, 134, 486, 5000, 0, 0
909, 134, 486, 339, 134, 486, 5000, 0, 0
910, 134, 486, 339, 134, 486, 5000, 0, 0
911, 134, 486, 339, 134, 486, 5000, 0, 0
912, 134, 486, 339, 134, 486, 5000, 0, 0
913, 134, 486, 339, 134, 486, 5000, 0, 0
914, 134, 486, 339, 134, 486, 5000, 0, 0
915, 134, 486, 339, 134, 486, 5000, 0, 0
916, 134, 486, 339, 134, 486, 5000, 0, 0
917, 134, 486, 339, 134, 486, 5000, 0, 0
918, 134, 486, 339, 134, 486, 5000, 0, 0
919, 134, 486, 339, 134, 486, 5000, 0, 0
920, 134, 486, 339, 134, 486, 5000, 0, 0
921, 134, 486, 339, 134, 486, 5000, 0, 0
922, 134, 486, 339, 134, 486, 5000, 0, 0
923, 134, 486, 339, 134, 486, 5000, 0, 0
924, 134, 486, 339, 134, 486, 5000, 0, 0
925, 134, 486, 339, 134, 486, 5000, 0, 0
926, 134, 486, 339, 134, 486, 5000, 0, 0
927, 134, 486, 339, 134, 486, 5000, 0, 0
928, 134, 486, 339, 134, 486, 5000, 0, 0
929, 134, 486, 339, 134, 486, 5000, 0, 0
930, 134, 486, 339, 134, 486, 5000, 0, 0
931, 134, 486, 339, 134, 486, 5000, 0, 0
932, 134, 486, 339, 134, 486, 5000, 0, 0
933, 134, 486, 339, 134, 486, 5000, 0, 0
934, 134, 486, 339, 134, 486, 5000, 0, 0
935, 134, 486, 339, 134, 486, 5000, 0, 0
936, 134, 486, 339, 134, 486, 5000, 0, 0
937, 134, 486, 339, 134, 486, 5000, 0, 0
938, 134, 486, 339, 134, 486, 5000, 0, 0
939, 134, 486, 339, 134, 486, 5000, 0, 0
940, 134, 486, 339, 134, 486, 5000, 0, 0
941, 134, 486, 339, 134, 486, 5000, 0, 0
942, 134, 486, 339, 134, 486, 5000, 0, 0
943, 134, 486, 339, 134, 486, 5000, 0, 0
944, 134, 486, 339, 134, 486, 5000, 0, 0
945, 134, 486, 339, 134, 486, 5000, 0, 0
946, 134, 486, 339, 134, 486, 5000, 0, 0
947, 134, 486, 339, 134, 486, 5000, 0, 0
948, 134, 486, 339, 134, 486, 5000, 0, 0
949, 134, 486, 339, 134, 486, 5000, 0, 0
950, 134, 486, 339, 134, 486, 5000, 0, 0
951, 134, 486, 339, 134, 486, 5000, 0, 0
952, 134, 486, 339, 134, 486, 5000, 0, 0
953, 134, 486, 339, 134, 486, 5000, 0, 0
954, 134, 486, 339, 134, 486, 5000, 0, 0
955, 134, 486, 339, 134, 486, 5000, 0, 0
956, 134, 486, 339, 134, 486, 5000, 0, 0
957, 134, 486, 339, 134, 486, 5000, 0, 0
958, 134, 486, 339, 134, 486, 5000, 0, 0
959, 134, 486, 339, 134, 486, 5000, 0, 0
960, 134, 486, 339, 134, 486, 5000, 0, 0
961, 134, 486, 339, 134, 486, 5000, 0, 0
962, 134, 486, 339, 134, 486, 5000, 0, 0
963, 134, 486, 339, 134, 486, 5000, 0, 0
964, 134, 486, 339, 134, 486, 5000, 0, 0
965, 134, 486, 339, 134, 486, 5000, 0, 0
966, 134, 486, 339, 134, 486, 5000, 0, 0
967, 134, 486, 339, 134, 486, 5000, 0, 0
968, 134, 486, 339, 134, 486, 5000, 0, 0
969, 134, 486, 339, 134, 486, 5000, 0, 0
970, 134, 486, 339, 134, 486, 5000, 0, 0
971, 134, 486, 339, 134, 486, 5000, 0, 0
972, 134, 486, 339, 134, 486, 5000, 0, 0
973, 134, 486, 339, 134, 486, 5000, 0, 0
974, 134, 486, 339, 134, 486, 5000, 0, 0
975, 134, 486, 339, 134, 486, 5000, 0, 0
976, 134, 486, 339, 134, 486, 5000, 0, 0
977, 134, 486, 339, 134, 486, 5000, 0, 0
978, 134, 486, 339, 134, 486, 5000, 0, 0
979, 134, 486, 339, 134, 486, 5000, 0, 0
980, 134, 486, 339, 134, 486, 5000, 0, 0
981, 134, 486, 339, 134, 486, 5000, 0, 0
982, 134, 486, 339, 134, 486, 5000, 0, 0
983, 134, 486, 339, 134, 486, 5000, 0, 0
984, 134, 486, 339, 134, 486, 5000, 0, 0
985, 134, 486, 339, 134, 486, 5000, 0, 0
986, 134, 486, 339, 134, 486, 5000, 0, 0
987, 134, 486, 339, 134, 486, 5000, 0, 0
988, 134, 486, 339, 134, 486, 5000, 0, 0
989, 134, 486, 339, 134, 486, 5000, 0, 0
990, 134, 486, 339, 134, 486, 5000, 0, 0
991, 134, 486, 339, 134, 486, 5000, 0, 0
992, 134, 486, 339, 134, 486, 5000, 0, 0
993, 134, 486, 339, 134, 486, 5000, 0, 0
994, 134, 486, 339, 134, 486, 5000, 0, 0
995, 134, 486, 339, 134, 486, 5000, 0, 0
996, 134, 486, 339, 134, 486, 5000, 0, 0
997, 134, 486, 339, 134, 486, 5000, 0, 0
998, 134, 486, 339, 134, 486, 5000, 0, 0
999, 134, 486, 339, 134, 486, 5000, 0, 0
