0, 90, 90, 90, 90, 90, 50, 90, 90
1, 90, 83, 90, 90, 82, 50, 90, 90
2, 90, 77, 90, 90, 79, 50, 90, 90
3, 90, 74, 90, 90, 77, 50, 90, 90
4, 90, 74, 90, 90, 75, 50, 90, 90
5, 90, 74, 90, 90, 74, 50, 90, 90
6, 90, 74, 90, 90, 74, 50, 90, 90
7, 90, 74, 90, 90, 74, 50, 90, 90
8, 90, 74, 90, 90, 74, 50, 90, 90
9, 90, 74, 90, 90, 74, 50, 90, 90
10, 90, 74, 90, 90, 74, 50, 90, 90
11, 90, 74, 90, 90, 74, 50, 90, 90
12, 90, 74, 90, 90, 74, 50, 90, 90
13, 90, 74, 90, 90, 74, 50, 90, 90
14, 90, 74, 90, 90, 74, 50, 90, 90
15, 90, 74, 90, 90, 74, 50, 90, 90
16, 90, 74, 90, 90, 74, 50, 90, 90
17, 90, 74, 90, 90, 74, 50, 90, 90
18, 90, 74, 90, 90, 74, 50, 90, 90
19, 90, 74, 90, 90, 74, 50, 90, 90
20, 90, 74, 90, 90, 74, 50, 90, 90
21, 90, 74, 90, 90, 74, 50, 90, 90
22, 90, 74, 90, 90, 74, 50, 90, 90
23, 90, 74, 90, 90, 74, 50, 90, 90
24, 90, 74, 90, 90, 74, 50, 90, 90
25, 90, 74, 90, 90, 74, 50, 90, 90
26, 90, 74, 90, 90, 74, 50, 90, 90
27, 90, 74, 90, 90, 74, 50, 90, 90
28, 90, 74, 90, 90, 74, 50, 90, 90
29, 90, 74, 90, 90, 74, 50, 90, 90
30, 90, 74, 90, 90, 74, 50, 90, 90
31, 90, 74, 90, 90, 74, 50, 90, 90
32, 90, 74, 90, 90, 74, 50, 90, 90
33, 90, 74, 90, 90, 74, 50, 90, 90
34, 90, 74, 90, 90, 74, 50, 90, 90
35, 90, 74, 90, 90, 74, 50, 90, 90
36, 90, 74, 90, 90, 74, 50, 90, 90
37, 90, 74, 90, 90, 74, 50, 90, 90
38, 90, 74, 90, 90, 74, 50, 90, 90
39, 90, 74, 90, 90, 74, 50, 90, 90
40, 90, 74, 90, 90, 74, 50, 90, 90
41, 90, 74, 90, 90, 74, 50, 90, 90
42, 90, 74, 90, 90, 74, 50, 90, 90
43, 90, 74, 90, 90, 74, 50, 90, 90
44, 90, 74, 90, 90, 74, 50, 90, 90
45, 90, 74, 90, 90, 74, 50, 90, 90
46, 90, 74, 90, 90, 74, 50, 90, 90
47, 90, 74, 90, 90, 74, 50, 90, 90
48, 90, 74, 90, 90, 74, 50, 90, 90
49, 90, 74, 90, 90, 74, 50, 90, 90
50, 90, 74, 90, 90, 74, 50, 90, 90
51, 90, 74, 90, 90, 74, 50, 90, 90
52, 90, 74, 90, 90, 74, 50, 90, 90
53, 90, 74, 90, 90, 74, 50, 90, 90
54, 90, 74, 90, 90, 74, 50, 90, 90
55, 90, 74, 90, 90, 74, 50, 90, 90
56, 90, 74, 90, 90, 74, 50, 90, 90
57, 90, 74, 90, 90, 74, 50, 90, 90
58, 90, 74, 90, 90, 74, 50, 90, 90
59, 90, 74, 90, 90, 74, 50, 90, 90
60, 90, 74, 90, 90, 74, 50, 90, 90
61, 90, 74, 90, 90, 74, 50, 90, 90
62, 90, 74, 90, 90, 74, 50, 90, 90
63, 90, 74, 90, 90, 74, 50, 90, 90
64, 90, 74, 90, 90, 74, 50, 90, 90
65, 90, 74, 90, 90, 74, 50, 90, 90
66, 90, 74, 90, 90, 74, 50, 90, 90
67, 90, 74, 90, 90, 74, 50, 90, 90
68, 90, 74, 90, 90, 74, 50, 90, 90
69, 90, 74, 90, 90, 74, 50, 90, 90
70, 90, 74, 90, 90, 74, 50, 90, 90
71, 90, 74, 90, 90, 74, 50, 90, 90
72, 90, 74, 90, 90, 74, 50, 90, 90
73, 90, 74, 90, 90, 74, 50, 90, 90
74, 90, 74, 90, 90, 74, 50, 90, 90
75, 90, 74, 90, 90, 74, 50, 90, 90
76, 90, 74, 90, 90, 74, 50, 90, 90
77, 90, 74, 90, 90, 74, 50, 90, 90
78, 90, 74, 90, 90, 74, 50, 90, 90
79, 90, 74, 90, 90, 74, 50, 90, 90
80, 90, 74, 90, 90, 74, 50, 90, 90
81, 90, 74, 90, 90, 74, 50, 90, 90
82, 90, 74, 90, 90, 74, 50, 90, 90
83, 90, 74, 90, 90, 74, 50, 90, 90
84, 90, 74, 90, 90, 74, 50, 90, 90
85, 90, 74, 90, 90, 74, 50, 90, 90
86, 90, 74, 90, 90, 74, 50, 90, 90
87, 90, 74, 90, 90, 74, 50, 90, 90
88, 90, 74, 90, 90, 74, 50, 90, 90
89, 90, 74, 90, 90, 74, 50, 90, 90
90, 90, 74, 90, 90, 74, 50, 90, 90
91, 90, 74, 90, 90, 74, 50, 90, 90
92, 90, 74, 90, 90, 74, 50, 90, 90
93, 90, 74, 90, 90, 74, 50, 90, 90
94, 90, 74, 90, 90, 74, 50, 90, 90
95, 90, 74, 90, 90, 74, 50, 90, 90
96, 90, 74, 90, 90, 74, 50, 90, 90
97, 90, 74, 90, 90, 74, 50, 90, 90
98, 90, 74, 90, 90, 74, 50, 90, 90
99, 90, 74, 90, 90, 74, 50, 90, 90
100, 90, 74, 90, 90, 74, 50, 90, 90
101, 90, 74, 90, 90, 74, 50, 90, 90
102, 90, 74, 90, 90, 74, 50, 90, 90
103, 90, 74, 90, 90, 74, 50, 90, 90
104, 90, 74, 90, 90, 74, 50, 90, 90
105, 90, 74, 90, 90, 74, 50, 90, 90
106, 90, 74, 90, 90, 74, 50, 90, 90
107, 90, 74, 90, 90, 74, 50, 90, 90
108, 90, 74, 90, 90, 74, 50, 90, 90
109, 90, 74, 90, 90, 74, 50, 90, 90
110, 90, 74, 90, 90, 74, 50, 90, 90
111, 90, 74, 90, 90, 74, 50, 90, 90
112, 90, 74, 90, 90, 74, 50, 90, 90
113, 90, 74, 90, 90, 74, 50, 90, 90
114, 90, 74, 90, 90, 74, 50, 90, 90
115, 90, 74, 90, 90, 74, 50, 90, 90
116, 90, 74, 90, 90, 74, 50, 90, 90
117, 90, 74, 90, 90, 74, 50, 90, 90
118, 90, 74, 90, 90, 74, 50, 90, 90
119, 90, 74, 90, 90, 74, 50, 90, 90
120, 90, 74, 90, 90, 74, 50, 90, 90
121, 90, 74, 90, 90, 74, 50, 90, 90
122, 90, 74, 90, 90, 74, 50, 90, 90
123, 90, 74, 90, 90, 74, 50, 90, 90
124, 90, 74, 90, 90, 74, 50, 90, 90
125, 90, 74, 90, 90, 74, 50, 90, 90
126, 90, 74, 90, 90, 74, 50, 90, 90
127, 90, 74, 90, 90, 74, 50, 90, 90
128, 90, 74, 90, 90, 74, 50, 90, 90
129, 90, 74, 90, 90, 74, 50, 90, 90
130, 90, 74, 90, 90, 74, 50, 90, 90
131, 90, 74, 90, 90, 74, 50, 90, 90
132, 90, 74, 90, 90, 74, 50, 90, 90
133, 90, 74, 90, 90, 74, 50, 90, 90
134, 90, 74, 90, 90, 74, 50, 90, 90
135, 90, 74, 90, 90, 74, 50, 90, 90
136, 90, 74, 90, 90, 74, 50, 90, 90
137, 90, 74, 90, 90, 74, 50, 90, 90
138, 90, 74, 90, 90, 74, 50, 90, 90
139, 90, 74, 90, 90, 74, 50, 90, 90
140, 90, 74, 90, 90, 74, 50, 90, 90
141, 90, 74, 90, 90, 74, 50, 90, 90
142, 90, 74, 90, 90, 74, 50, 90, 90
143, 90, 74, 90, 90, 74, 50, 90, 90
144, 90, 74, 90, 90, 74, 50, 90, 90
145, 90, 74, 90, 90, 74, 50, 90, 90
146, 90, 74, 90, 90, 74, 50, 90, 90
147, 90, 74, 90, 90, 74, 50, 90, 90
148, 90, 74, 90, 90, 74, 50, 90, 90
149, 90, 74, 90, 90, 74, 50, 90, 90
150, 90, 74, 90, 90, 74, 50, 90, 90
151, 90, 74, 90, 90, 74, 50, 90, 90
152, 90, 74, 90, 90, 74, 50, 90, 90
153, 90, 74, 90, 90, 74, 50, 90, 90
154, 90, 74, 90, 90, 74, 50, 90, 90
155, 90, 74, 90, 90, 74, 50, 90, 90
156, 90, 74, 90, 90, 74, 50, 90, 90
157, 90, 74, 90, 90, 74, 50, 90, 90
158, 90, 74, 90, 90, 74, 50, 90, 90
159, 90, 74, 90, 90, 74, 50, 90, 90
160, 90, 74, 90, 90, 74, 50, 90, 90
161, 90, 74, 90, 90, 74, 50, 90, 90
162, 90, 74, 90, 90, 74, 50, 90, 90
163, 90, 74, 90, 90, 74, 50, 90, 90
164, 90, 74, 90, 90, 74, 50, 90, 90
165, 90, 74, 90, 90, 74, 50, 90, 90
166, 90, 74, 90, 90, 74, 50, 90, 90
167, 90, 74, 90, 90, 74, 50, 90, 90
168, 90, 74, 90, 90, 74, 50, 90, 90
169, 90, 74, 90, 90, 74, 50, 90, 90
170, 90, 74, 90, 90, 74, 50, 90, 90
171, 90, 74, 90, 90, 74, 50, 90, 90
172, 90, 74, 90, 90, 74, 50, 90, 90
173, 90, 74, 90, 90, 74, 50, 90, 90
174, 90, 74, 90, 90, 74, 50, 90, 90
175, 90, 74, 90, 90, 74, 50, 90, 90
176, 90, 74, 90, 90, 74, 50, 90, 90
177, 90, 74, 90, 90, 74, 50, 90, 90
178, 90, 74, 90, 90, 74, 50, 90, 90
179, 90, 74, 90, 90, 74, 50, 90, 90
180, 90, 74, 90, 90, 74, 50, 90, 90
181, 90, 74, 90, 90, 74, 50, 90, 90
182, 90, 74, 90, 90, 74, 50, 90, 90
183, 90, 74, 90, 90, 74, 50, 90, 90
184, 90, 74, 90, 90, 74, 50, 90, 90
185, 90, 74, 90, 90, 74, 50, 90, 90
186, 90, 74, 90, 90, 74, 50, 90, 90
187, 90, 74, 90, 90, 74, 50, 90, 90
188, 90, 74, 90, 90, 74, 50, 90, 90
189, 90, 74, 90, 90, 74, 50, 90, 90
190, 90, 74, 90, 90, 74, 50, 90, 90
191, 90, 74, 90, 90, 74, 50, 90, 90
192, 90, 74, 90, 90, 74, 50, 90, 90
193, 90, 74, 90, 90, 74, 50, 90, 90
194, 90, 74, 90, 90, 74, 50, 90, 90
195, 90, 74, 90, 90, 74, 50, 90, 90
196, 90, 74, 90, 90, 74, 50, 90, 90
197, 90, 74, 90, 90, 74, 50, 90, 90
198, 90, 74, 90, 90, 74, 50, 90, 90
199, 90, 74, 90, 90, 74, 50, 90, 90
200, 90, 74, 90, 90, 74, 50, 90, 90
201, 90, 74, 90, 90, 74, 50, 90, 90
202, 90, 74, 90, 90, 74, 50, 90, 90
203, 90, 74, 90, 90, 74, 50, 90, 90
204, 90, 74, 90, 90, 74, 50, 90, 90
205, 90, 74, 90, 90, 74, 50, 90, 90
206, 90, 74, 90, 90, 74, 50, 90, 90
207, 90, 74, 90, 90, 74, 50, 90, 90
208, 90, 74, 90, 90, 74, 50, 90, 90
209, 90, 74, 90, 90, 74, 50, 90, 90
210, 90, 74, 90, 90, 74, 50, 90, 90
211, 90, 74, 90, 90, 74, 50, 90, 90
212, 90, 74, 90, 90, 74, 50, 90, 90
213, 90, 74, 90, 90, 74, 50, 90, 90
214, 90, 74, 90, 90, 74, 50, 90, 90
215, 90, 74, 90, 90, 74, 50, 90, 90
216, 90, 74, 90, 90, 74, 50, 90, 90
217, 90, 74, 90, 90, 74, 50, 90, 90
218, 90, 74, 90, 90, 74, 50, 90, 90
219, 90, 74, 90, 90, 74, 50, 90, 90
220, 90, 74, 90, 90, 74, 50, 90, 90
221, 90, 74, 90, 90, 74, 50, 90, 90
222, 90, 74, 90, 90, 74, 50, 90, 90
223, 90, 74, 90, 90, 74, 50, 90, 90
224, 90, 74, 90, 90, 74, 50, 90, 90
225, 90, 74, 90, 90, 74, 50, 90, 90
226, 90, 74, 90, 90, 74, 50, 90, 90
227, 90, 74, 90, 90, 74, 50, 90, 90
228, 90, 74, 90, 90, 74, 50, 90, 90
229, 90, 74, 90, 90, 74, 50, 90, 90
230, 90, 74, 90, 90, 74, 50, 90, 90
231, 90, 74, 90, 90, 74, 50, 90, 90
232, 90, 74, 90, 90, 74, 50, 90, 90
233, 90, 74, 90, 90, 74, 50, 90, 90
234, 90, 74, 90, 90, 74, 50, 90, 90
235, 90, 74, 90, 90, 74, 50, 90, 90
236, 90, 74, 90, 90, 74, 50, 90, 90
237, 90, 74, 90, 90, 74, 50, 90, 90
238, 90, 74, 90, 90, 74, 50, 90, 90
239, 90, 74, 90, 90, 74, 50, 90, 90
240, 90, 74, 90, 90, 74, 50, 90, 90
241, 90, 74, 90, 90, 74, 50, 90, 90
242, 90, 74, 90, 90, 74, 50, 90, 90
243, 90, 74, 90, 90, 74, 50, 90, 90
244, 90, 74, 90, 90, 74, 50, 90, 90
245, 90, 74, 90, 90, 74, 50, 90, 90
246, 90, 74, 90, 90, 74, 50, 90, 90
247, 90, 74, 90, 90, 74, 50, 90, 90
248, 90, 74, 90, 90, 74, 50, 90, 90
249, 90, 74, 90, 90, 74, 50, 90, 90
250, 90, 74, 90, 90, 74, 50, 90, 90
251, 90, 74, 90, 90, 74, 50, 90, 90
252, 90, 74, 90, 90, 74, 50, 90, 90
253, 90, 74, 90, 90, 74, 50, 90, 90
254, 90, 74, 90, 90, 74, 50, 90, 90
255, 90, 74, 90, 90, 74, 50, 90, 90
256, 90, 74, 90, 90, 74, 50, 90, 90
257, 90, 74, 90, 90, 74, 50, 90, 90
258, 90, 74, 90, 90, 74, 50, 90, 90
259, 90, 74, 90, 90, 74, 50, 90, 90
260, 90, 74, 90, 90, 74, 50, 90, 90
261, 90, 74, 90, 90, 74, 50, 90, 90
262, 90, 74, 90, 90, 74, 50, 90, 90
263, 90, 74, 90, 90, 74, 50, 90, 90
264, 90, 74, 90, 90, 74, 50, 90, 90
265, 90, 74, 90, 90, 74, 50, 90, 90
266, 90, 74, 90, 90, 74, 50, 90, 90
267, 90, 74, 90, 90, 74, 50, 90, 90
268, 90, 74, 90, 90, 74, 50, 90, 90
269, 90, 74, 90, 90, 74, 50, 90, 90
270, 90, 74, 90, 90, 74, 50, 90, 90
271, 90, 74, 90, 90, 74, 50, 90, 90
272, 90, 74, 90, 90, 74, 50, 90, 90
273, 90, 74, 90, 90, 74, 50, 90, 90
274, 90, 74, 90, 90, 74, 50, 90, 90
275, 90, 74, 90, 90, 74, 50, 90, 90
276, 90, 74, 90, 90, 74, 50, 90, 90
277, 90, 74, 90, 90, 74, 50, 90, 90
278, 90, 74, 90, 90, 74, 50, 90, 90
279, 90, 74, 90, 90, 74, 50, 90, 90
280, 90, 74, 90, 90, 74, 50, 90, 90
281, 90, 74, 90, 90, 74, 50, 90, 90
282, 90, 74, 90, 90, 74, 50, 90, 90
283, 90, 74, 90, 90, 74, 50, 90, 90
284, 90, 74, 90, 90, 74, 50, 90, 90
285, 90, 74, 90, 90, 74, 50, 90, 90
286, 90, 74, 90, 90, 74, 50, 90, 90
287, 90, 74, 90, 90, 74, 50, 90, 90
288, 90, 74, 90, 90, 74, 50, 90, 90
289, 90, 74, 90, 90, 74, 50, 90, 90
290, 90, 74, 90, 90, 74, 50, 90, 90
291, 90, 74, 90, 90, 74, 50, 90, 90
292, 90, 74, 90, 90, 74, 50, 90, 90
293, 90, 74, 90, 90, 74, 50, 90, 90
294, 90, 74, 90, 90, 74, 50, 90, 90
295, 90, 74, 90, 90, 74, 50, 90, 90
296, 90, 74, 90, 90, 74, 50, 90, 90
297, 90, 74, 90, 90, 74, 50, 90, 90
298, 90, 74, 90, 90, 74, 50, 90, 90
299, 90, 74, 90, 90, 74, 50, 90, 90
300, 90, 74, 90, 90, 74, 50, 90, 90
301, 90, 74, 90, 90, 74, 50, 90, 90
302, 90, 74, 90, 90, 74, 50, 90, 90
303, 90, 74, 90, 90, 74, 50, 90, 90
304, 90, 74, 90, 90, 74, 50, 90, 90
305, 90, 74, 90, 90, 74, 50, 90, 90
306, 90, 74, 90, 90, 74, 50, 90, 90
307, 90, 74, 90, 90, 74, 50, 90, 90
308, 90, 74, 90, 90, 74, 50, 90, 90
309, 90, 74, 90, 90, 74, 50, 90, 90
310, 90, 74, 90, 90, 74, 50, 90, 90
311, 90, 74, 90, 90, 74, 50, 90, 90
312, 90, 74, 90, 90, 74, 50, 90, 90
313, 90, 74, 90, 90, 74, 50, 90, 90
314, 90, 74, 90, 90, 74, 50, 90, 90
315, 90, 74, 90, 90, 74, 50, 90, 90
316, 90, 74, 90, 90, 74, 50, 90, 90
317, 90, 74, 90, 90, 74, 50, 90, 90
318, 90, 74, 90, 90, 74, 50, 90, 90
319, 90, 74, 90, 90, 74, 50, 90, 90
320, 90, 74, 90, 90, 74, 50, 90, 90
321, 90, 74, 90, 90, 74, 50, 90, 90
322, 90, 74, 90, 90, 74, 50, 90, 90
323, 90, 74, 90, 90, 74, 50, 90, 90
324, 90, 74, 90, 90, 74, 50, 90, 90
325, 90, 74, 90, 90, 74, 50, 90, 90
326, 90, 74, 90, 90, 74, 50, 90, 90
327, 90, 74, 90, 90, 74, 50, 90, 90
328, 90, 74, 90, 90, 74, 50, 90, 90
329, 90, 74, 90, 90, 74, 50, 90, 90
330, 90, 74, 90, 90, 74, 50, 90, 90
331, 90, 74, 90, 90, 74, 50, 90, 90
332, 90, 74, 90, 90, 74, 50, 90, 90
333, 90, 74, 90, 90, 74, 50, 90, 90
334, 90, 74, 90, 90, 74, 50, 90, 90
335, 90, 74, 90, 90, 74, 50, 90, 90
336, 90, 74, 90, 90, 74, 50, 90, 90
337, 90, 74, 90, 90, 74, 50, 90, 90
338, 90, 74, 90, 90, 74, 50, 90, 90
339, 90, 74, 90, 90, 74, 50, 90, 90
340, 90, 74, 90, 90, 74, 50, 90, 90
341, 90, 74, 90, 90, 74, 50, 90, 90
342, 90, 74, 90, 90, 74, 50, 90, 90
343, 90, 74, 90, 90, 74, 50, 90, 90
344, 90, 74, 90, 90, 74, 50, 90, 90
345, 90, 74, 90, 90, 74, 50, 90, 90
346, 90, 74, 90, 90, 74, 50, 90, 90
347, 90, 74, 90, 90, 74, 50, 90, 90
348, 90, 74, 90, 90, 74, 50, 90, 90
349, 90, 74, 90, 90, 74, 50, 90, 90
350, 90, 74, 90, 90, 74, 50, 90, 90
351, 90, 74, 90, 90, 74, 50, 90, 90
352, 90, 74, 90, 90, 74, 50, 90, 90
353, 90, 74, 90, 90, 74, 50, 90, 90
354, 90, 74, 90, 90, 74, 50, 90, 90
355, 90, 74, 90, 90, 74, 50, 90, 90
356, 90, 74, 90, 90, 74, 50, 90, 90
357, 90, 74, 90, 90, 74, 50, 90, 90
358, 90, 74, 90, 90, 74, 50, 90, 90
359, 90, 74, 90, 90, 74, 50, 90, 90
360, 90, 74, 90, 90, 74, 50, 90, 90
361, 90, 74, 90, 90, 74, 50, 90, 90
362, 90, 74, 90, 90, 74, 50, 90, 90
363, 90, 74, 90, 90, 74, 50, 90, 90
364, 90, 74, 90, 90, 74, 50, 90, 90
365, 90, 74, 90, 90, 74, 50, 90, 90
366, 90, 74, 90, 90, 74, 50, 90, 90
367, 90, 74, 90, 90, 74, 50, 90, 90
368, 90, 74, 90, 90, 74, 50, 90, 90
369, 90, 74, 90, 90, 74, 50, 90, 90
370, 90, 74, 90, 90, 74, 50, 90, 90
371, 90, 74, 90, 90, 74, 50, 90, 90
372, 90, 74, 90, 90, 74, 50, 90, 90
373, 90, 74, 90, 90, 74, 50, 90, 90
374, 90, 74, 90, 90, 74, 50, 90, 90
375, 90, 74, 90, 90, 74, 50, 90, 90
376, 90, 74, 90, 90, 74, 50, 90, 90
377, 90, 74, 90, 90, 74, 50, 90, 90
378, 90, 74, 90, 90, 74, 50, 90, 90
379, 90, 74, 90, 90, 74, 50, 90, 90
380, 90, 74, 90, 90, 74, 50, 90, 90
381, 90, 74, 90, 90, 74, 50, 90, 90
382, 90, 74, 90, 90, 74, 50, 90, 90
383, 90, 74, 90, 90, 74, 50, 90, 90
384, 90, 74, 90, 90, 74, 50, 90, 90
385, 90, 74, 90, 90, 74, 50, 90, 90
386, 90, 74, 90, 90, 74, 50, 90, 90
387, 90, 74, 90, 90, 74, 50, 90, 90
388, 90, 74, 90, 90, 74, 50, 90, 90
389, 90, 74, 90, 90, 74, 50, 90, 90
390, 90, 74, 90, 90, 74, 50, 90, 90
391, 90, 74, 90, 90, 74, 50, 90, 90
392, 90, 74, 90, 90, 74, 50, 90, 90
393, 90, 74, 90, 90, 74, 50, 90, 90
394, 90, 74, 90, 90, 74, 50, 90, 90
395, 90, 74, 90, 90, 74, 50, 90, 90
396, 90, 74, 90, 90, 74, 50, 90, 90
397, 90, 74, 90, 90, 74, 50, 90, 90
398, 90, 74, 90, 90, 74, 50, 90, 90
399, 90, 74, 90, 90, 74, 50, 90, 90
400, 90, 74, 90, 90, 74, 50, 90, 90
401, 90, 74, 90, 90, 74, 50, 90, 90
402, 90, 74, 90, 90, 74, 50, 90, 90
403, 90, 74, 90, 90, 74, 50, 90, 90
404, 90, 74, 90, 90, 74, 50, 90, 90
405, 90, 74, 90, 90, 74, 50, 90, 90
406, 90, 74, 90, 90, 74, 50, 90, 90
407, 90, 74, 90, 90, 74, 50, 90, 90
408, 90, 74, 90, 90, 74, 50, 90, 90
409, 90, 74, 90, 90, 74, 50, 90, 90
410, 90, 74, 90, 90, 74, 50, 90, 90
411, 90, 74, 90, 90, 74, 50, 90, 90
412, 90, 74, 90, 90, 74, 50, 90, 90
413, 90, 74, 90, 90, 74, 50, 90, 90
414, 90, 74, 90, 90, 74, 50, 90, 90
415, 90, 74, 90, 90, 74, 50, 90, 90
416, 90, 74, 90, 90, 74, 50, 90, 90
417, 90, 74, 90, 90, 74, 50, 90, 90
418, 90, 74, 90, 90, 74, 50, 90, 90
419, 90, 74, 90, 90, 74, 50, 90, 90
420, 90, 74, 90, 90, 74, 50, 90, 90
421, 90, 74, 90, 90, 74, 50, 90, 90
422, 90, 74, 90, 90, 74, 50, 90, 90
423, 90, 74, 90, 90, 74, 50, 90, 90
424, 90, 74, 90, 90, 74, 50, 90, 90
425, 90, 74, 90, 90, 74, 50, 90, 90
426, 90, 74, 90, 90, 74, 50, 90, 90
427, 90, 74, 90, 90, 74, 50, 90, 90
428, 90, 74, 90, 90, 74, 50, 90, 90
429, 90, 74, 90, 90, 74, 50, 90, 90
430, 90, 74, 90, 90, 74, 50, 90, 90
431, 90, 74, 90, 90, 74, 50, 90, 90
432, 90, 74, 90, 90, 74, 50, 90, 90
433, 90, 74, 90, 90, 74, 50, 90, 90
434, 90, 74, 90, 90, 74, 50, 90, 90
435, 90, 74, 90, 90, 74, 50, 90, 90
436, 90, 74, 90, 90, 74, 50, 90, 90
437, 90, 74, 90, 90, 74, 50, 90, 90
438, 90, 74, 90, 90, 74, 50, 90, 90
439, 90, 74, 90, 90, 74, 50, 90, 90
440, 90, 74, 90, 90, 74, 50, 90, 90
441, 90, 74, 90, 90, 74, 50, 90, 90
442, 90, 74, 90, 90, 74, 50, 90, 90
443, 90, 74, 90, 90, 74, 50, 90, 90
444, 90, 74, 90, 90, 74, 50, 90, 90
445, 90, 74, 90, 90, 74, 50, 90, 90
446, 90, 74, 90, 90, 74, 50, 90, 90
447, 90, 74, 90, 90, 74, 50, 90, 90
448, 90, 74, 90, 90, 74, 50, 90, 90
449, 90, 74, 90, 90, 74, 50, 90, 90
450, 90, 74, 90, 90, 74, 50, 90, 90
451, 90, 74, 90, 90, 74, 50, 90, 90
452, 90, 74, 90, 90, 74, 50, 90, 90
453, 90, 74, 90, 90, 74, 50, 90, 90
454, 90, 74, 90, 90, 74, 50, 90, 90
455, 90, 74, 90, 90, 74, 50, 90, 90
456, 90, 74, 90, 90, 74, 50, 90, 90
457, 90, 74, 90, 90, 74, 50, 90, 90
458, 90, 74, 90, 90, 74, 50, 90, 90
459, 90, 74, 90, 90, 74, 50, 90, 90
460, 90, 74, 90, 90, 74, 50, 90, 90
461, 90, 74, 90, 90, 74, 50, 90, 90
462, 90, 74, 90, 90, 74, 50, 90, 90
463, 90, 74, 90, 90, 74, 50, 90, 90
464, 90, 74, 90, 90, 74, 50, 90, 90
465, 90, 74, 90, 90, 74, 50, 90, 90
466, 90, 74, 90, 90, 74, 50, 90, 90
467, 90, 74, 90, 90, 74, 50, 90, 90
468, 90, 74, 90, 90, 74, 50, 90, 90
469, 90, 74, 90, 90, 74, 50, 90, 90
470, 90, 74, 90, 90, 74, 50, 90, 90
471, 90, 74, 90, 90, 74, 50, 90, 90
472, 90, 74, 90, 90, 74, 50, 90, 90
473, 90, 74, 90, 90, 74, 50, 90, 90
474, 90, 74, 90, 90, 74, 50, 90, 90
475, 90, 74, 90, 90, 74, 50, 90, 90
476, 90, 74, 90, 90, 74, 50, 90, 90
477, 90, 74, 90, 90, 74, 50, 90, 90
478, 90, 74, 90, 90, 74, 50, 90, 90
479, 90, 74, 90, 90, 74, 50, 90, 90
480, 90, 74, 90, 90, 74, 50, 90, 90
481, 90, 74, 90, 90, 74, 50, 90, 90
482, 90, 74, 90, 90, 74, 50, 90, 90
483, 90, 74, 90, 90, 74, 50, 90, 90
484, 90, 74, 90, 90, 74, 50, 90, 90
485, 90, 74, 90, 90, 74, 50, 90, 90
486, 90, 74, 90, 90, 74, 50, 90, 90
487, 90, 74, 90, 90, 74, 50, 90, 90
488, 90, 74, 90, 90, 74, 50, 90, 90
489, 90, 74, 90, 90, 74, 50, 90, 90
490, 90, 74, 90, 90, 74, 50, 90, 90
491, 90, 74, 90, 90, 74, 50, 90, 90
492, 90, 74, 90, 90, 74, 50, 90, 90
493, 90, 74, 90, 90, 74, 50, 90, 90
494, 90, 74, 90, 90, 74, 50, 90, 90
495, 90, 74, 90, 90, 74, 50, 90, 90
496, 90, 74, 90, 90, 74, 50, 90, 90
497, 90, 74, 90, 90, 74, 50, 90, 90
498, 90, 74, 90, 90, 74, 50, 90, 90
499, 90, 74, 90, 90, 74, 50, 90, 90
500, 90, 74, 90, 90, 74, 50, 90, 90
501, 90, 74, 90, 90, 74, 50, 90, 90
502, 90, 74, 90, 90, 74, 50, 90, 90
503, 90, 74, 90, 90, 74, 50, 90, 90
504, 90, 74, 90, 90, 74, 50, 90, 90
505, 90, 74, 90, 90, 74, 50, 90, 90
506, 90, 74, 90, 90, 74, 50, 90, 90
507, 90, 74, 90, 90, 74, 50, 90, 90
508, 90, 74, 90, 90, 74, 50, 90, 90
509, 90, 74, 90, 90, 74, 50, 90, 90
510, 90, 74, 90, 90, 74, 50, 90, 90
511, 90, 74, 90, 90, 74, 50, 90, 90
512, 90, 74, 90, 90, 74, 50, 90, 90
513, 90, 74, 90, 90, 74, 50, 90, 90
514, 90, 74, 90, 90, 74, 50, 90, 90
515, 90, 74, 90, 90, 74, 50, 90, 90
516, 90, 74, 90, 90, 74, 50, 90, 90
517, 90, 74, 90, 90, 74, 50, 90, 90
518, 90, 74, 90, 90, 74, 50, 90, 90
519, 90, 74, 90, 90, 74, 50, 90, 90
520, 90, 74, 90, 90, 74, 50, 90, 90
521, 90, 74, 90, 90, 74, 50, 90, 90
522, 90, 74, 90, 90, 74, 50, 90, 90
523, 90, 74, 90, 90, 74, 50, 90, 90
524, 90, 74, 90, 90, 74, 50, 90, 90
525, 90, 74, 90, 90, 74, 50, 90, 90
526, 90, 74, 90, 90, 74, 50, 90, 90
527, 90, 74, 90, 90, 74, 50, 90, 90
528, 90, 74, 90, 90, 74, 50, 90, 90
529, 90, 74, 90, 90, 74, 50, 90, 90
530, 90, 74, 90, 90, 74, 50, 90, 90
531, 90, 74, 90, 90, 74, 50, 90, 90
532, 90, 74, 90, 90, 74, 50, 90, 90
533, 90, 74, 90, 90, 74, 50, 90, 90
534, 90, 74, 90, 90, 74, 50, 90, 90
535, 90, 74, 90, 90, 74, 50, 90, 90
536, 90, 74, 90, 90, 74, 50, 90, 90
537, 90, 74, 90, 90, 74, 50, 90, 90
538, 90, 74, 90, 90, 74, 50, 90, 90
539, 90, 74, 90, 90, 74, 50, 90, 90
540, 90, 74, 90, 90, 74, 50, 90, 90
541, 90, 74, 90, 90, 74, 50, 90, 90
542, 90, 74, 90, 90, 74, 50, 90, 90
543, 90, 74, 90, 90, 74, 50, 90, 90
544, 90, 74, 90, 90, 74, 50, 90, 90
545, 90, 74, 90, 90, 74, 50, 90, 90
546, 90, 74, 90, 90, 74, 50, 90, 90
547, 90, 74, 90, 90, 74, 50, 90, 90
548, 90, 74, 90, 90, 74, 50, 90, 90
549, 90, 74, 90, 90, 74, 50, 90, 90
550, 90, 74, 90, 90, 74, 50, 90, 90
551, 90, 74, 90, 90, 74, 50, 90, 90
552, 90, 74, 90, 90, 74, 50, 90, 90
553, 90, 74, 90, 90, 74, 50, 90, 90
554, 90, 74, 90, 90, 74, 50, 90, 90
555, 90, 74, 90, 90, 74, 50, 90, 90
556, 90, 74, 90, 90, 74, 50, 90, 90
557, 90, 74, 90, 90, 74, 50, 90, 90
558, 90, 74, 90, 90, 74, 50, 90, 90
559, 90, 74, 90, 90, 74, 50, 90, 90
560, 90, 74, 90, 90, 74, 50, 90, 90
561, 90, 74, 90, 90, 74, 50, 90, 90
562, 90, 74, 90, 90, 74, 50, 90, 90
563, 90, 74, 90, 90, 74, 50, 90, 90
564, 90, 74, 90, 90, 74, 50, 90, 90
565, 90, 74, 90, 90, 74, 50, 90, 90
566, 90, 74, 90, 90, 74, 50, 90, 90
567, 90, 74, 90, 90, 74, 50, 90, 90
568, 90, 74, 90, 90, 74, 50, 90, 90
569, 90, 74, 90, 90, 74, 50, 90, 90
570, 90, 74, 90, 90, 74, 50, 90, 90
571, 90, 74, 90, 90, 74, 50, 90, 90
572, 90, 74, 90, 90, 74, 50, 90, 90
573, 90, 74, 90, 90, 74, 50, 90, 90
574, 90, 74, 90, 90, 74, 50, 90, 90
575, 90, 74, 90, 90, 74, 50, 90, 90
576, 90, 74, 90, 90, 74, 50, 90, 90
577, 90, 74, 90, 90, 74, 50, 90, 90
578, 90, 74, 90, 90, 74, 50, 90, 90
579, 90, 74, 90, 90, 74, 50, 90, 90
580, 90, 74, 90, 90, 74, 50, 90, 90
581, 90, 74, 90, 90, 74, 50, 90, 90
582, 90, 74, 90, 90, 74, 50, 90, 90
583, 90, 74, 90, 90, 74, 50, 90, 90
584, 90, 74, 90, 90, 74, 50, 90, 90
585, 90, 74, 90, 90, 74, 50, 90, 90
586, 90, 74, 90, 90, 74, 50, 90, 90
587, 90, 74, 90, 90, 74, 50, 90, 90
588, 90, 74, 90, 90, 74, 50, 90, 90
589, 90, 74, 90, 90, 74, 50, 90, 90
590, 90, 74, 90, 90, 74, 50, 90, 90
591, 90, 74, 90, 90, 74, 50, 90, 90
592, 90, 74, 90, 90, 74, 50, 90, 90
593, 90, 74, 90, 90, 74, 50, 90, 90
594, 90, 74, 90, 90, 74, 50, 90, 90
595, 90, 74, 90, 90, 74, 50, 90, 90
596, 90, 74, 90, 90, 74, 50, 90, 90
597, 90, 74, 90, 90, 74, 50, 90, 90
598, 90, 74, 90, 90, 74, 50, 90, 90
599, 90, 74, 90, 90, 74, 50, 90, 90
600, 90, 74, 90, 90, 74, 50, 90, 90
601, 90, 74, 90, 90, 74, 50, 90, 90
602, 90, 74, 90, 90, 74, 50, 90, 90
603, 90, 74, 90, 90, 74, 50, 90, 90
604, 90, 74, 90, 90, 74, 50, 90, 90
605, 90, 74, 90, 90, 74, 50, 90, 90
606, 90, 74, 90, 90, 74, 50, 90, 90
607, 90, 74, 90, 90, 74, 50, 90, 90
608, 90, 74, 90, 90, 74, 50, 90, 90
609, 90, 74, 90, 90, 74, 50, 90, 90
610, 90, 74, 90, 90, 74, 50, 90, 90
611, 90, 74, 90, 90, 74, 50, 90, 90
612, 90, 74, 90, 90, 74, 50, 90, 90
613, 90, 74, 90, 90, 74, 50, 90, 90
614, 90, 74, 90, 90, 74, 50, 90, 90
615, 90, 74, 90, 90, 74, 50, 90, 90
616, 90, 74, 90, 90, 74, 50, 90, 90
617, 90, 74, 90, 90, 74, 50, 90, 90
618, 90, 74, 90, 90, 74, 50, 90, 90
619, 90, 74, 90, 90, 74, 50, 90, 90
620, 90, 74, 90, 90, 74, 50, 90, 90
621, 90, 74, 90, 90, 74, 50, 90, 90
622, 90, 74, 90, 90, 74, 50, 90, 90
623, 90, 74, 90, 90, 74, 50, 90, 90
624, 90, 74, 90, 90, 74, 50, 90, 90
625, 90, 74, 90, 90, 74, 50, 90, 90
626, 90, 74, 90, 90, 74, 50, 90, 90
627, 90, 74, 90, 90, 74, 50, 90, 90
628, 90, 74, 90, 90, 74, 50, 90, 90
629, 90, 74, 90, 90, 74, 50, 90, 90
630, 90, 74, 90, 90, 74, 50, 90, 90
631, 90, 74, 90, 90, 74, 50, 90, 90
632, 90, 74, 90, 90, 74, 50, 90, 90
633, 90, 74, 90, 90, 74, 50, 90, 90
634, 90, 74, 90, 90, 74, 50, 90, 90
635, 90, 74, 90, 90, 74, 50, 90, 90
636, 90, 74, 90, 90, 74, 50, 90, 90
637, 90, 74, 90, 90, 74, 50, 90, 90
638, 90, 74, 90, 90, 74, 50, 90, 90
639, 90, 74, 90, 90, 74, 50, 90, 90
640, 90, 74, 90, 90, 74, 50, 90, 90
641, 90, 74, 90, 90, 74, 50, 90, 90
642, 90, 74, 90, 90, 74, 50, 90, 90
643, 90, 74, 90, 90, 74, 50, 90, 90
644, 90, 74, 90, 90, 74, 50, 90, 90
645, 90, 74, 90, 90, 74, 50, 90, 90
646, 90, 74, 90, 90, 74, 50, 90, 90
647, 90, 74, 90, 90, 74, 50, 90, 90
648, 90, 74, 90, 90, 74, 50, 90, 90
649, 90, 74, 90, 90, 74, 50, 90, 90
650, 90, 74, 90, 90, 74, 50, 90, 90
651, 90, 74, 90, 90, 74, 50, 90, 90
652, 90, 74, 90, 90, 74, 50, 90, 90
653, 90, 74, 90, 90, 74, 50, 90, 90
654, 90, 74, 90, 90, 74, 50, 90, 90
655, 90, 74, 90, 90, 74, 50, 90, 90
656, 90, 74, 90, 90, 74, 50, 90, 90
657, 90, 74, 90, 90, 74, 50, 90, 90
658, 90, 74, 90, 90, 74, 50, 90, 90
659, 90, 74, 90, 90, 74, 50, 90, 90
660, 90, 74, 90, 90, 74, 50, 90, 90
661, 90, 74, 90, 90, 74, 50, 90, 90
662, 90, 74, 90, 90, 74, 50, 90, 90
663, 90, 74, 90, 90, 74, 50, 90, 90
664, 90, 74, 90, 90, 74, 50, 90, 90
665, 90, 74, 90, 90, 74, 50, 90, 90
666, 90, 74, 90, 90, 74, 50, 90, 90
667, 90, 74, 90, 90, 74, 50, 90, 90
668, 90, 74, 90, 90, 74, 50, 90, 90
669, 90, 74, 90, 90, 74, 50, 90, 90
670, 90, 74, 90, 90, 74, 50, 90, 90
671, 90, 74, 90, 90, 74, 50, 90, 90
672, 90, 74, 90, 90, 74, 50, 90, 90
673, 90, 74, 90, 90, 74, 50, 90, 90
674, 90, 74, 90, 90, 74, 50, 90, 90
675, 90, 74, 90, 90, 74, 50, 90, 90
676, 90, 74, 90, 90, 74, 50, 90, 90
677, 90, 74, 90, 90, 74, 50, 90, 90
678, 90, 74, 90, 90, 74, 50, 90, 90
679, 90, 74, 90, 90, 74, 50, 90, 90
680, 90, 74, 90, 90, 74, 50, 90, 90
681, 90, 74, 90, 90, 74, 50, 90, 90
682, 90, 74, 90, 90, 74, 50, 90, 90
683, 90, 74, 90, 90, 74, 50, 90, 90
684, 90, 74, 90, 90, 74, 50, 90, 90
685, 90, 74, 90, 90, 74, 50, 90, 90
686, 90, 74, 90, 90, 74, 50, 90, 90
687, 90, 74, 90, 90, 74, 50, 90, 90
688, 90, 74, 90, 90, 74, 50, 90, 90
689, 90, 74, 90, 90, 74, 50, 90, 90
690, 90, 74, 90, 90, 74, 50, 90, 90
691, 90, 74, 90, 90, 74, 50, 90, 90
692, 90, 74, 90, 90, 74, 50, 90, 90
693, 90, 74, 90, 90, 74, 50, 90, 90
694, 90, 74, 90, 90, 74, 50, 90, 90
695, 90, 74, 90, 90, 74, 50, 90, 90
696, 90, 74, 90, 90, 74, 50, 90, 90
697, 90, 74, 90, 90, 74, 50, 90, 90
698, 90, 74, 90, 90, 74, 50, 90, 90
699, 90, 74, 90, 90, 74, 50, 90, 90
700, 90, 74, 90, 90, 74, 50, 90, 90
701, 90, 74, 90, 90, 74, 50, 90, 90
702, 90, 74, 90, 90, 74, 50, 90, 90
703, 90, 74, 90, 90, 74, 50, 90, 90
704, 90, 74, 90, 90, 74, 50, 90, 90
705, 90, 74, 90, 90, 74, 50, 90, 90
706, 90, 74, 90, 90, 74, 50, 90, 90
707, 90, 74, 90, 90, 74, 50, 90, 90
708, 90, 74, 90, 90, 74, 50, 90, 90
709, 90, 74, 90, 90, 74, 50, 90, 90
710, 90, 74, 90, 90, 74, 50, 90, 90
711, 90, 74, 90, 90, 74, 50, 90, 90
712, 90, 74, 90, 90, 74, 50, 90, 90
713, 90, 74, 90, 90, 74, 50, 90, 90
714, 90, 74, 90, 90, 74, 50, 90, 90
715, 90, 74, 90, 90, 74, 50, 90, 90
716, 90, 74, 90, 90, 74, 50, 90, 90
717, 90, 74, 90, 90, 74, 50, 90, 90
718, 90, 74, 90, 90, 74, 50, 90, 90
719, 90, 74, 90, 90, 74, 50, 90, 90
720, 90, 74, 90, 90, 74, 50, 90, 90
721, 90, 74, 90, 90, 74, 50, 90, 90
722, 90, 74, 90, 90, 74, 50, 90, 90
723, 90, 74, 90, 90, 74, 50, 90, 90
724, 90, 74, 90, 90, 74, 50, 90, 90
725, 90, 74, 90, 90, 74, 50, 90, 90
726, 90, 74, 90, 90, 74, 50, 90, 90
727, 90, 74, 90, 90, 74, 50, 90, 90
728, 90, 74, 90, 90, 74, 50, 90, 90
729, 90, 74, 90, 90, 74, 50, 90, 90
730, 90, 74, 90, 90, 74, 50, 90, 90
731, 90, 74, 90, 90, 74, 50, 90, 90
732, 90, 74, 90, 90, 74, 50, 90, 90
733, 90, 74, 90, 90, 74, 50, 90, 90
734, 90, 74, 90, 90, 74, 50, 90, 90
735, 90, 74, 90, 90, 74, 50, 90, 90
736, 90, 74, 90, 90, 74, 50, 90, 90
737, 90, 74, 90, 90, 74, 50, 90, 90
738, 90, 74, 90, 90, 74, 50, 90, 90
739, 90, 74, 90, 90, 74, 50, 90, 90
740, 90, 74, 90, 90, 74, 50, 90, 90
741, 90, 74, 90, 90, 74, 50, 90, 90
742, 90, 74, 90, 90, 74, 50, 90, 90
743, 90, 74, 90, 90, 74, 50, 90, 90
744, 90, 74, 90, 90, 74, 50, 90, 90
745, 90, 74, 90, 90, 74, 50, 90, 90
746, 90, 74, 90, 90, 74, 50, 90, 90
747, 90, 74, 90, 90, 74, 50, 90, 90
748, 90, 74, 90, 90, 74, 50, 90, 90
749, 90, 74, 90, 90, 74, 50, 90, 90
750, 90, 74, 90, 90, 74, 50, 90, 90
751, 90, 74, 90, 90, 74, 50, 90, 90
752, 90, 74, 90, 90, 74, 50, 90, 90
753, 90, 74, 90, 90, 74, 50, 90, 90
754, 90, 74, 90, 90, 74, 50, 90, 90
755, 90, 74, 90, 90, 74, 50, 90, 90
756, 90, 74, 90, 90, 74, 50, 90, 90
757, 90, 74, 90, 90, 74, 50, 90, 90
758, 90, 74, 90, 90, 74, 50, 90, 90
759, 90, 74, 90, 90, 74, 50, 90, 90
760, 90, 74, 90, 90, 74, 50, 90, 90
761, 90, 74, 90, 90, 74, 50, 90, 90
762, 90, 74, 90, 90, 74, 50, 90, 90
763, 90, 74, 90, 90, 74, 50, 90, 90
764, 90, 74, 90, 90, 74, 50, 90, 90
765, 90, 74, 90, 90, 74, 50, 90, 90
766, 90, 74, 90, 90, 74, 50, 90, 90
767, 90, 74, 90, 90, 74, 50, 90, 90
768, 90, 74, 90, 90, 74, 50, 90, 90
769, 90, 74, 90, 90, 74, 50, 90, 90
770, 90, 74, 90, 90, 74, 50, 90, 90
771, 90, 74, 90, 90, 74, 50, 90, 90
772, 90, 74, 90, 90, 74, 50, 90, 90
773, 90, 74, 90, 90, 74, 50, 90, 90
774, 90, 74, 90, 90, 74, 50, 90, 90
775, 90, 74, 90, 90, 74, 50, 90, 90
776, 90, 74, 90, 90, 74, 50, 90, 90
777, 90, 74, 90, 90, 74, 50, 90, 90
778, 90, 74, 90, 90, 74, 50, 90, 90
779, 90, 74, 90, 90, 74, 50, 90, 90
780, 90, 74, 90, 90, 74, 50, 90, 90
781, 90, 74, 90, 90, 74, 50, 90, 90
782, 90, 74, 90, 90, 74, 50, 90, 90
783, 90, 74, 90, 90, 74, 50, 90, 90
784, 90, 74, 90, 90, 74, 50, 90, 90
785, 90, 74, 90, 90, 74, 50, 90, 90
786, 90, 74, 90, 90, 74, 50, 90, 90
787, 90, 74, 90, 90, 74, 50, 90, 90
788, 90, 74, 90, 90, 74, 50, 90, 90
789, 90, 74, 90, 90, 74, 50, 90, 90
790, 90, 74, 90, 90, 74, 50, 90, 90
791, 90, 74, 90, 90, 74, 50, 90, 90
792, 90, 74, 90, 90, 74, 50, 90, 90
793, 90, 74, 90, 90, 74, 50, 90, 90
794, 90, 74, 90, 90, 74, 50, 90, 90
795, 90, 74, 90, 90, 74, 50, 90, 90
796, 90, 74, 90, 90, 74, 50, 90, 90
797, 90, 74, 90, 90, 74, 50, 90, 90
798, 90, 74, 90, 90, 74, 50, 90, 90
799, 90, 74, 90, 90, 74, 50, 90, 90
800, 90, 74, 90, 90, 74, 50, 90, 90
801, 90, 74, 90, 90, 74, 50, 90, 90
802, 90, 74, 90, 90, 74, 50, 90, 90
803, 90, 74, 90, 90, 74, 50, 90, 90
804, 90, 74, 90, 90, 74, 50, 90, 90
805, 90, 74, 90, 90, 74, 50, 90, 90
806, 90, 74, 90, 90, 74, 50, 90, 90
807, 90, 74, 90, 90, 74, 50, 90, 90
808, 90, 74, 90, 90, 74, 50, 90, 90
809, 90, 74, 90, 90, 74, 50, 90, 90
810, 90, 74, 90, 90, 74, 50, 90, 90
811, 90, 74, 90, 90, 74, 50, 90, 90
812, 90, 74, 90, 90, 74, 50, 90, 90
813, 90, 74, 90, 90, 74, 50, 90, 90
814, 90, 74, 90, 90, 74, 50, 90, 90
815, 90, 74, 90, 90, 74, 50, 90, 90
816, 90, 74, 90, 90, 74, 50, 90, 90
817, 90, 74, 90, 90, 74, 50, 90, 90
818, 90, 74, 90, 90, 74, 50, 90, 90
819, 90, 74, 90, 90, 74, 50, 90, 90
820, 90, 74, 90, 90, 74, 50, 90, 90
821, 90, 74, 90, 90, 74, 50, 90, 90
822, 90, 74, 90, 90, 74, 50, 90, 90
823, 90, 74, 90, 90, 74, 50, 90, 90
824, 90, 74, 90, 90, 74, 50, 90, 90
825, 90, 74, 90, 90, 74, 50, 90, 90
826, 90, 74, 90, 90, 74, 50, 90, 90
827, 90, 74, 90, 90, 74, 50, 90, 90
828, 90, 74, 90, 90, 74, 50, 90, 90
829, 90, 74, 90, 90, 74, 50, 90, 90
830, 90, 74, 90, 90, 74, 50, 90, 90
831, 90, 74, 90, 90, 74, 50, 90, 90
832, 90, 74, 90, 90, 74, 50, 90, 90
833, 90, 74, 90, 90, 74, 50, 90, 90
834, 90, 74, 90, 90, 74, 50, 90, 90
835, 90, 74, 90, 90, 74, 50, 90, 90
836, 90, 74, 90, 90, 74, 50, 90, 90
837, 90, 74, 90, 90, 74, 50, 90, 90
838, 90, 74, 90, 90, 74, 50, 90, 90
839, 90, 74, 90, 90, 74, 50, 90, 90
840, 90, 74, 90, 90, 74, 50, 90, 90
841, 90, 74, 90, 90, 74, 50, 90, 90
842, 90, 74, 90, 90, 74, 50, 90, 90
843, 90, 74, 90, 90, 74, 50, 90, 90
844, 90, 74, 90, 90, 74, 50, 90, 90
845, 90, 74, 90, 90, 74, 50, 90, 90
846, 90, 74, 90, 90, 74, 50, 90, 90
847, 90, 74, 90, 90, 74, 50, 90, 90
848, 90, 74, 90, 90, 74, 50, 90, 90
849, 90, 74, 90, 90, 74, 50, 90, 90
850, 90, 74, 90, 90, 74, 50, 90, 90
851, 90, 74, 90, 90, 74, 50, 90, 90
852, 90, 74, 90, 90, 74, 50, 90, 90
853, 90, 74, 90, 90, 74, 50, 90, 90
854, 90, 74, 90, 90, 74, 50, 90, 90
855, 90, 74, 90, 90, 74, 50, 90, 90
856, 90, 74, 90, 90, 74, 50, 90, 90
857, 90, 74, 90, 90, 74, 50, 90, 90
858, 90, 74, 90, 90, 74, 50, 90, 90
859, 90, 74, 90, 90, 74, 50, 90, 90
860, 90, 74, 90, 90, 74, 50, 90, 90
861, 90, 74, 90, 90, 74, 50, 90, 90
862, 90, 74, 90, 90, 74, 50, 90, 90
863, 90, 74, 90, 90, 74, 50, 90, 90
864, 90, 74, 90, 90, 74, 50, 90, 90
865, 90, 74, 90, 90, 74, 50, 90, 90
866, 90, 74, 90, 90, 74, 50, 90, 90
867, 90, 74, 90, 90, 74, 50, 90, 90
868, 90, 74, 90, 90, 74, 50, 90, 90
869, 90, 74, 90, 90, 74, 50, 90, 90
870, 90, 74, 90, 90, 74, 50, 90, 90
871, 90, 74, 90, 90, 74, 50, 90, 90
872, 90, 74, 90, 90, 74, 50, 90, 90
873, 90, 74, 90, 90, 74, 50, 90, 90
874, 90, 74, 90, 90, 74, 50, 90, 90
875, 90, 74, 90, 90, 74, 50, 90, 90
876, 90, 74, 90, 90, 74, 50, 90, 90
877, 90, 74, 90, 90, 74, 50, 90, 90
878, 90, 74, 90, 90, 74, 50, 90, 90
879, 90, 74, 90, 90, 74, 50, 90, 90
880, 90, 74, 90, 90, 74, 50, 90, 90
881, 90, 74, 90, 90, 74, 50, 90, 90
882, 90, 74, 90, 90, 74, 50, 90, 90
883, 90, 74, 90, 90, 74, 50, 90, 90
884, 90, 74, 90, 90, 74, 50, 90, 90
885, 90, 74, 90, 90, 74, 50, 90, 90
886, 90, 74, 90, 90, 74, 50, 90, 90
887, 90, 74, 90, 90, 74, 50, 90, 90
888, 90, 74, 90, 90, 74, 50, 90, 90
889, 90, 74, 90, 90, 74, 50, 90, 90
890, 90, 74, 90, 90, 74, 50, 90, 90
891, 90, 74, 90, 90, 74, 50, 90, 90
892, 90, 74, 90, 90, 74, 50, 90, 90
893, 90, 74, 90, 90, 74, 50, 90, 90
894, 90, 74, 90, 90, 74, 50, 90, 90
895, 90, 74, 90, 90, 74, 50, 90, 90
896, 90, 74, 90, 90, 74, 50, 90, 90
897, 90, 74, 90, 90, 74, 50, 90, 90
898, 90, 74, 90, 90, 74, 50, 90, 90
899, 90, 74, 90, 90, 74, 50, 90, 90
900, 90, 74, 90, 90, 74, 50, 90, 90
901, 90, 74, 90, 90, 74, 50, 90, 90
902, 90, 74, 90, 90, 74, 50, 90, 90
903, 90, 74, 90, 90, 74, 50, 90, 90
904, 90, 74, 90, 90, 74, 50, 90, 90
905, 90, 74, 90, 90, 74, 50, 90, 90
906, 90, 74, 90, 90, 74, 50, 90, 90
907, 90, 74, 90, 90, 74, 50, 90, 90
908, 90, 74, 90, 90, 74, 50, 90, 90
909, 90, 74, 90, 90, 74, 50, 90, 90
910, 90, 74, 90, 90, 74, 50, 90, 90
911, 90, 74, 90, 90, 74, 50, 90, 90
912, 90, 74, 90, 90, 74, 50, 90, 90
913, 90, 74, 90, 90, 74, 50, 90, 90
914, 90, 74, 90, 90, 74, 50, 90, 90
915, 90, 74, 90, 90, 74, 50, 90, 90
916, 90, 74, 90, 90, 74, 50, 90, 90
917, 90, 74, 90, 90, 74, 50, 90, 90
918, 90, 74, 90, 90, 74, 50, 90, 90
919, 90, 74, 90, 90, 74, 50, 90, 90
920, 90, 74, 90, 90, 74, 50, 90, 90
921, 90, 74, 90, 90, 74, 50, 90, 90
922, 90, 74, 90, 90, 74, 50, 90, 90
923, 90, 74, 90, 90, 74, 50, 90, 90
924, 90, 74, 90, 90, 74, 50, 90, 90
925, 90, 74, 90, 90, 74, 50, 90, 90
926, 90, 74, 90, 90, 74, 50, 90, 90
927, 90, 74, 90, 90, 74, 50, 90, 90
928, 90, 74, 90, 90, 74, 50, 90, 90
929, 90, 74, 90, 90, 74, 50, 90, 90
930, 90, 74, 90, 90, 74, 50, 90, 90
931, 90, 74, 90, 90, 74, 50, 90, 90
932, 90, 74, 90, 90, 74, 50, 90, 90
933, 90, 74, 90, 90, 74, 50, 90, 90
934, 90, 74, 90, 90, 74, 50, 90, 90
935, 90, 74, 90, 90, 74, 50, 90, 90
936, 90, 74, 90, 90, 74, 50, 90, 90
937, 90, 74, 90, 90, 74, 50, 90, 90
938, 90, 74, 90, 90, 74, 50, 90, 90
939, 90, 74, 90, 90, 74, 50, 90, 90
940, 90, 74, 90, 90, 74, 50, 90, 90
941, 90, 74, 90, 90, 74, 50, 90, 90
942, 90, 74, 90, 90, 74, 50, 90, 90
943, 90, 74, 90, 90, 74, 50, 90, 90
944, 90, 74, 90, 90, 74, 50, 90, 90
945, 90, 74, 90, 90, 74, 50, 90, 90
946, 90, 74, 90, 90, 74, 50, 90, 90
947, 90, 74, 90, 90, 74, 50, 90, 90
948, 90, 74, 90, 90, 74, 50, 90, 90
949, 90, 74, 90, 90, 74, 50, 90, 90
950, 90, 74, 90, 90, 74, 50, 90, 90
951, 90, 74, 90, 90, 74, 50, 90, 90
952, 90, 74, 90, 90, 74, 50, 90, 90
953, 90, 74, 90, 90, 74, 50, 90, 90
954, 90, 74, 90, 90, 74, 50, 90, 90
955, 90, 74, 90, 90, 74, 50, 90, 90
956, 90, 74, 90, 90, 74, 50, 90, 90
957, 90, 74, 90, 90, 74, 50, 90, 90
958, 90, 74, 90, 90, 74, 50, 90, 90
959, 90, 74, 90, 90, 74, 50, 90, 90
960, 90, 74, 90, 90, 74, 50, 90, 90
961, 90, 74, 90, 90, 74, 50, 90, 90
962, 90, 74, 90, 90, 74, 50, 90, 90
963, 90, 74, 90, 90, 74, 50, 90, 90
964, 90, 74, 90, 90, 74, 50, 90, 90
965, 90, 74, 90, 90, 74, 50, 90, 90
966, 90, 74, 90, 90, 74, 50, 90, 90
967, 90, 74, 90, 90, 74, 50, 90, 90
968, 90, 74, 90, 90, 74, 50, 90, 90
969, 90, 74, 90, 90, 74, 50, 90, 90
970, 90, 74, 90, 90, 74, 50, 90, 90
971, 90, 74, 90, 90, 74, 50, 90, 90
972, 90, 74, 90, 90, 74, 50, 90, 90
973, 90, 74, 90, 90, 74, 50, 90, 90
974, 90, 74, 90, 90, 74, 50, 90, 90
975, 90, 74, 90, 90, 74, 50, 90, 90
976, 90, 74, 90, 90, 74, 50, 90, 90
977, 90, 74, 90, 90, 74, 50, 90, 90
978, 90, 74, 90, 90, 74, 50, 90, 90
979, 90, 74, 90, 90, 74, 50, 90, 90
980, 90, 74, 90, 90, 74, 50, 90, 90
981, 90, 74, 90, 90, 74, 50, 90, 90
982, 90, 74, 90, 90, 74, 50, 90, 90
983, 90, 74, 90, 90, 74, 50, 90, 90
984, 90, 74, 90, 90, 74, 50, 90, 90
985, 90, 74, 90, 90, 74, 50, 90, 90
986, 90, 74, 90, 90, 74, 50, 90, 90
987, 90, 74, 90, 90, 74, 50, 90, 90
988, 90, 74, 90, 90, 74, 50, 90, 90
989, 90, 74, 90, 90, 74, 50, 90, 90
990, 90, 74, 90, 90, 74, 50, 90, 90
991, 90, 74, 90, 90, 74, 50, 90, 90
992, 90, 74, 90, 90, 74, 50, 90, 90
993, 90, 74, 90, 90, 74, 50, 90, 90
994, 90, 74, 90, 90, 74, 50, 90, 90
995, 90, 74, 90, 90, 74, 50, 90, 90
996, 90, 74, 90, 90, 74, 50, 90, 90
997, 90, 74, 90, 90, 74, 50, 90, 90
998, 90, 74, 90, 90, 74, 50, 90, 90
999, 90, 74, 90, 90, 74, 50, 90, 90
