0, 80, 52, 68, 84, 51, 90, 90, 90
1, 74, 50, 57, 76, 50, 90, 90, 90
2, 67, 50, 50, 73, 50, 90, 90, 90
3, 63, 50, 50, 72, 50, 90, 90, 90
4, 66, 50, 50, 70, 50, 90, 90, 90
5, 65, 50, 50, 71, 50, 90, 90, 90
6, 64, 50, 50, 71, 50, 90, 90, 90
7, 64, 50, 50, 71, 50, 90, 90, 90
8, 64, 50, 50, 71, 50, 90, 90, 90
9, 64, 50, 50, 71, 50, 90, 90, 90
10, 64, 50, 50, 71, 50, 90, 90, 90
11, 64, 50, 50, 71, 50, 90, 90, 90
12, 64, 50, 50, 71, 50, 90, 90, 90
13, 64, 50, 50, 71, 50, 90, 90, 90
14, 64, 50, 50, 71, 50, 90, 90, 90
15, 64, 50, 50, 71, 50, 90, 90, 90
16, 64, 50, 50, 71, 50, 90, 90, 90
17, 64, 50, 50, 71, 50, 90, 90, 90
18, 64, 50, 50, 71, 50, 90, 90, 90
19, 64, 50, 50, 71, 50, 90, 90, 90
20, 64, 50, 50, 71, 50, 90, 90, 90
21, 64, 50, 50, 71, 50, 90, 90, 90
22, 64, 50, 50, 71, 50, 90, 90, 90
23, 64, 50, 50, 71, 50, 90, 90, 90
24, 64, 50, 50, 71, 50, 90, 90, 90
25, 64, 50, 50, 71, 50, 90, 90, 90
26, 64, 50, 50, 71, 50, 90, 90, 90
27, 64, 50, 50, 71, 50, 90, 90, 90
28, 64, 50, 50, 71, 50, 90, 90, 90
29, 64, 50, 50, 71, 50, 90, 90, 90
30, 64, 50, 50, 71, 50, 90, 90, 90
31, 64, 50, 50, 71, 50, 90, 90, 90
32, 64, 50, 50, 71, 50, 90, 90, 90
33, 64, 50, 50, 71, 50, 90, 90, 90
34, 64, 50, 50, 71, 50, 90, 90, 90
35, 64, 50, 50, 71, 50, 90, 90, 90
36, 64, 50, 50, 71, 50, 90, 90, 90
37, 64, 50, 50, 71, 50, 90, 90, 90
38, 64, 50, 50, 71, 50, 90, 90, 90
39, 64, 50, 50, 71, 50, 90, 90, 90
40, 64, 50, 50, 71, 50, 90, 90, 90
41, 64, 50, 50, 71, 50, 90, 90, 90
42, 64, 50, 50, 71, 50, 90, 90, 90
43, 64, 50, 50, 71, 50, 90, 90, 90
44, 64, 50, 50, 71, 50, 90, 90, 90
45, 64, 50, 50, 71, 50, 90, 90, 90
46, 64, 50, 50, 71, 50, 90, 90, 90
47, 64, 50, 50, 71, 50, 90, 90, 90
48, 64, 50, 50, 71, 50, 90, 90, 90
49, 64, 50, 50, 71, 50, 90, 90, 90
50, 64, 50, 50, 71, 50, 90, 90, 90
51, 64, 50, 50, 71, 50, 90, 90, 90
52, 64, 50, 50, 71, 50, 90, 90, 90
53, 64, 50, 50, 71, 50, 90, 90, 90
54, 64, 50, 50, 71, 50, 90, 90, 90
55, 64, 50, 50, 71, 50, 90, 90, 90
56, 64, 50, 50, 71, 50, 90, 90, 90
57, 64, 50, 50, 71, 50, 90, 90, 90
58, 64, 50, 50, 71, 50, 90, 90, 90
59, 64, 50, 50, 71, 50, 90, 90, 90
60, 64, 50, 50, 71, 50, 90, 90, 90
61, 64, 50, 50, 71, 50, 90, 90, 90
62, 64, 50, 50, 71, 50, 90, 90, 90
63, 64, 50, 50, 71, 50, 90, 90, 90
64, 64, 50, 50, 71, 50, 90, 90, 90
65, 64, 50, 50, 71, 50, 90, 90, 90
66, 64, 50, 50, 71, 50, 90, 90, 90
67, 64, 50, 50, 71, 50, 90, 90, 90
68, 64, 50, 50, 71, 50, 90, 90, 90
69, 64, 50, 50, 71, 50, 90, 90, 90
70, 64, 50, 50, 71, 50, 90, 90, 90
71, 64, 50, 50, 71, 50, 90, 90, 90
72, 64, 50, 50, 71, 50, 90, 90, 90
73, 64, 50, 50, 71, 50, 90, 90, 90
74, 64, 50, 50, 71, 50, 90, 90, 90
75, 64, 50, 50, 71, 50, 90, 90, 90
76, 64, 50, 50, 71, 50, 90, 90, 90
77, 64, 50, 50, 71, 50, 90, 90, 90
78, 64, 50, 50, 71, 50, 90, 90, 90
79, 64, 50, 50, 71, 50, 90, 90, 90
80, 64, 50, 50, 71, 50, 90, 90, 90
81, 64, 50, 50, 71, 50, 90, 90, 90
82, 64, 50, 50, 71, 50, 90, 90, 90
83, 64, 50, 50, 71, 50, 90, 90, 90
84, 64, 50, 50, 71, 50, 90, 90, 90
85, 64, 50, 50, 71, 50, 90, 90, 90
86, 64, 50, 50, 71, 50, 90, 90, 90
87, 64, 50, 50, 71, 50, 90, 90, 90
88, 64, 50, 50, 71, 50, 90, 90, 90
89, 64, 50, 50, 71, 50, 90, 90, 90
90, 64, 50, 50, 71, 50, 90, 90, 90
91, 64, 50, 50, 71, 50, 90, 90, 90
92, 64, 50, 50, 71, 50, 90, 90, 90
93, 64, 50, 50, 71, 50, 90, 90, 90
94, 64, 50, 50, 71, 50, 90, 90, 90
95, 64, 50, 50, 71, 50, 90, 90, 90
96, 64, 50, 50, 71, 50, 90, 90, 90
97, 64, 50, 50, 71, 50, 90, 90, 90
98, 64, 50, 50, 71, 50, 90, 90, 90
99, 64, 50, 50, 71, 50, 90, 90, 90
100, 64, 50, 50, 71, 50, 90, 90, 90
101, 64, 50, 50, 71, 50, 90, 90, 90
102, 64, 50, 50, 71, 50, 90, 90, 90
103, 64, 50, 50, 71, 50, 90, 90, 90
104, 64, 50, 50, 71, 50, 90, 90, 90
105, 64, 50, 50, 71, 50, 90, 90, 90
106, 64, 50, 50, 71, 50, 90, 90, 90
107, 64, 50, 50, 71, 50, 90, 90, 90
108, 64, 50, 50, 71, 50, 90, 90, 90
109, 64, 50, 50, 71, 50, 90, 90, 90
110, 64, 50, 50, 71, 50, 90, 90, 90
111, 64, 50, 50, 71, 50, 90, 90, 90
112, 64, 50, 50, 71, 50, 90, 90, 90
113, 64, 50, 50, 71, 50, 90, 90, 90
114, 64, 50, 50, 71, 50, 90, 90, 90
115, 64, 50, 50, 71, 50, 90, 90, 90
116, 64, 50, 50, 71, 50, 90, 90, 90
117, 64, 50, 50, 71, 50, 90, 90, 90
118, 64, 50, 50, 71, 50, 90, 90, 90
119, 64, 50, 50, 71, 50, 90, 90, 90
120, 64, 50, 50, 71, 50, 90, 90, 90
121, 64, 50, 50, 71, 50, 90, 90, 90
122, 64, 50, 50, 71, 50, 90, 90, 90
123, 64, 50, 50, 71, 50, 90, 90, 90
124, 64, 50, 50, 71, 50, 90, 90, 90
125, 64, 50, 50, 71, 50, 90, 90, 90
126, 64, 50, 50, 71, 50, 90, 90, 90
127, 64, 50, 50, 71, 50, 90, 90, 90
128, 64, 50, 50, 71, 50, 90, 90, 90
129, 64, 50, 50, 71, 50, 90, 90, 90
130, 64, 50, 50, 71, 50, 90, 90, 90
131, 64, 50, 50, 71, 50, 90, 90, 90
132, 64, 50, 50, 71, 50, 90, 90, 90
133, 64, 50, 50, 71, 50, 90, 90, 90
134, 64, 50, 50, 71, 50, 90, 90, 90
135, 64, 50, 50, 71, 50, 90, 90, 90
136, 64, 50, 50, 71, 50, 90, 90, 90
137, 64, 50, 50, 71, 50, 90, 90, 90
138, 64, 50, 50, 71, 50, 90, 90, 90
139, 64, 50, 50, 71, 50, 90, 90, 90
140, 64, 50, 50, 71, 50, 90, 90, 90
141, 64, 50, 50, 71, 50, 90, 90, 90
142, 64, 50, 50, 71, 50, 90, 90, 90
143, 64, 50, 50, 71, 50, 90, 90, 90
144, 64, 50, 50, 71, 50, 90, 90, 90
145, 64, 50, 50, 71, 50, 90, 90, 90
146, 64, 50, 50, 71, 50, 90, 90, 90
147, 64, 50, 50, 71, 50, 90, 90, 90
148, 64, 50, 50, 71, 50, 90, 90, 90
149, 64, 50, 50, 71, 50, 90, 90, 90
150, 64, 50, 50, 71, 50, 90, 90, 90
151, 64, 50, 50, 71, 50, 90, 90, 90
152, 64, 50, 50, 71, 50, 90, 90, 90
153, 64, 50, 50, 71, 50, 90, 90, 90
154, 64, 50, 50, 71, 50, 90, 90, 90
155, 64, 50, 50, 71, 50, 90, 90, 90
156, 64, 50, 50, 71, 50, 90, 90, 90
157, 64, 50, 50, 71, 50, 90, 90, 90
158, 64, 50, 50, 71, 50, 90, 90, 90
159, 64, 50, 50, 71, 50, 90, 90, 90
160, 64, 50, 50, 71, 50, 90, 90, 90
161, 64, 50, 50, 71, 50, 90, 90, 90
162, 64, 50, 50, 71, 50, 90, 90, 90
163, 64, 50, 50, 71, 50, 90, 90, 90
164, 64, 50, 50, 71, 50, 90, 90, 90
165, 64, 50, 50, 71, 50, 90, 90, 90
166, 64, 50, 50, 71, 50, 90, 90, 90
167, 64, 50, 50, 71, 50, 90, 90, 90
168, 64, 50, 50, 71, 50, 90, 90, 90
169, 64, 50, 50, 71, 50, 90, 90, 90
170, 64, 50, 50, 71, 50, 90, 90, 90
171, 64, 50, 50, 71, 50, 90, 90, 90
172, 64, 50, 50, 71, 50, 90, 90, 90
173, 64, 50, 50, 71, 50, 90, 90, 90
174, 64, 50, 50, 71, 50, 90, 90, 90
175, 64, 50, 50, 71, 50, 90, 90, 90
176, 64, 50, 50, 71, 50, 90, 90, 90
177, 64, 50, 50, 71, 50, 90, 90, 90
178, 64, 50, 50, 71, 50, 90, 90, 90
179, 64, 50, 50, 71, 50, 90, 90, 90
180, 64, 50, 50, 71, 50, 90, 90, 90
181, 64, 50, 50, 71, 50, 90, 90, 90
182, 64, 50, 50, 71, 50, 90, 90, 90
183, 64, 50, 50, 71, 50, 90, 90, 90
184, 64, 50, 50, 71, 50, 90, 90, 90
185, 64, 50, 50, 71, 50, 90, 90, 90
186, 64, 50, 50, 71, 50, 90, 90, 90
187, 64, 50, 50, 71, 50, 90, 90, 90
188, 64, 50, 50, 71, 50, 90, 90, 90
189, 64, 50, 50, 71, 50, 90, 90, 90
190, 64, 50, 50, 71, 50, 90, 90, 90
191, 64, 50, 50, 71, 50, 90, 90, 90
192, 64, 50, 50, 71, 50, 90, 90, 90
193, 64, 50, 50, 71, 50, 90, 90, 90
194, 64, 50, 50, 71, 50, 90, 90, 90
195, 64, 50, 50, 71, 50, 90, 90, 90
196, 64, 50, 50, 71, 50, 90, 90, 90
197, 64, 50, 50, 71, 50, 90, 90, 90
198, 64, 50, 50, 71, 50, 90, 90, 90
199, 64, 50, 50, 71, 50, 90, 90, 90
200, 64, 50, 50, 71, 50, 90, 90, 90
201, 64, 50, 50, 71, 50, 90, 90, 90
202, 64, 50, 50, 71, 50, 90, 90, 90
203, 64, 50, 50, 71, 50, 90, 90, 90
204, 64, 50, 50, 71, 50, 90, 90, 90
205, 64, 50, 50, 71, 50, 90, 90, 90
206, 64, 50, 50, 71, 50, 90, 90, 90
207, 64, 50, 50, 71, 50, 90, 90, 90
208, 64, 50, 50, 71, 50, 90, 90, 90
209, 64, 50, 50, 71, 50, 90, 90, 90
210, 64, 50, 50, 71, 50, 90, 90, 90
211, 64, 50, 50, 71, 50, 90, 90, 90
212, 64, 50, 50, 71, 50, 90, 90, 90
213, 64, 50, 50, 71, 50, 90, 90, 90
214, 64, 50, 50, 71, 50, 90, 90, 90
215, 64, 50, 50, 71, 50, 90, 90, 90
216, 64, 50, 50, 71, 50, 90, 90, 90
217, 64, 50, 50, 71, 50, 90, 90, 90
218, 64, 50, 50, 71, 50, 90, 90, 90
219, 64, 50, 50, 71, 50, 90, 90, 90
220, 64, 50, 50, 71, 50, 90, 90, 90
221, 64, 50, 50, 71, 50, 90, 90, 90
222, 64, 50, 50, 71, 50, 90, 90, 90
223, 64, 50, 50, 71, 50, 90, 90, 90
224, 64, 50, 50, 71, 50, 90, 90, 90
225, 64, 50, 50, 71, 50, 90, 90, 90
226, 64, 50, 50, 71, 50, 90, 90, 90
227, 64, 50, 50, 71, 50, 90, 90, 90
228, 64, 50, 50, 71, 50, 90, 90, 90
229, 64, 50, 50, 71, 50, 90, 90, 90
230, 64, 50, 50, 71, 50, 90, 90, 90
231, 64, 50, 50, 71, 50, 90, 90, 90
232, 64, 50, 50, 71, 50, 90, 90, 90
233, 64, 50, 50, 71, 50, 90, 90, 90
234, 64, 50, 50, 71, 50, 90, 90, 90
235, 64, 50, 50, 71, 50, 90, 90, 90
236, 64, 50, 50, 71, 50, 90, 90, 90
237, 64, 50, 50, 71, 50, 90, 90, 90
238, 64, 50, 50, 71, 50, 90, 90, 90
239, 64, 50, 50, 71, 50, 90, 90, 90
240, 64, 50, 50, 71, 50, 90, 90, 90
241, 64, 50, 50, 71, 50, 90, 90, 90
242, 64, 50, 50, 71, 50, 90, 90, 90
243, 64, 50, 50, 71, 50, 90, 90, 90
244, 64, 50, 50, 71, 50, 90, 90, 90
245, 64, 50, 50, 71, 50, 90, 90, 90
246, 64, 50, 50, 71, 50, 90, 90, 90
247, 64, 50, 50, 71, 50, 90, 90, 90
248, 64, 50, 50, 71, 50, 90, 90, 90
249, 64, 50, 50, 71, 50, 90, 90, 90
250, 64, 50, 50, 71, 50, 90, 90, 90
251, 64, 50, 50, 71, 50, 90, 90, 90
252, 64, 50, 50, 71, 50, 90, 90, 90
253, 64, 50, 50, 71, 50, 90, 90, 90
254, 64, 50, 50, 71, 50, 90, 90, 90
255, 64, 50, 50, 71, 50, 90, 90, 90
256, 64, 50, 50, 71, 50, 90, 90, 90
257, 64, 50, 50, 71, 50, 90, 90, 90
258, 64, 50, 50, 71, 50, 90, 90, 90
259, 64, 50, 50, 71, 50, 90, 90, 90
260, 64, 50, 50, 71, 50, 90, 90, 90
261, 64, 50, 50, 71, 50, 90, 90, 90
262, 64, 50, 50, 71, 50, 90, 90, 90
263, 64, 50, 50, 71, 50, 90, 90, 90
264, 64, 50, 50, 71, 50, 90, 90, 90
265, 64, 50, 50, 71, 50, 90, 90, 90
266, 64, 50, 50, 71, 50, 90, 90, 90
267, 64, 50, 50, 71, 50, 90, 90, 90
268, 64, 50, 50, 71, 50, 90, 90, 90
269, 64, 50, 50, 71, 50, 90, 90, 90
270, 64, 50, 50, 71, 50, 90, 90, 90
271, 64, 50, 50, 71, 50, 90, 90, 90
272, 64, 50, 50, 71, 50, 90, 90, 90
273, 64, 50, 50, 71, 50, 90, 90, 90
274, 64, 50, 50, 71, 50, 90, 90, 90
275, 64, 50, 50, 71, 50, 90, 90, 90
276, 64, 50, 50, 71, 50, 90, 90, 90
277, 64, 50, 50, 71, 50, 90, 90, 90
278, 64, 50, 50, 71, 50, 90, 90, 90
279, 64, 50, 50, 71, 50, 90, 90, 90
280, 64, 50, 50, 71, 50, 90, 90, 90
281, 64, 50, 50, 71, 50, 90, 90, 90
282, 64, 50, 50, 71, 50, 90, 90, 90
283, 64, 50, 50, 71, 50, 90, 90, 90
284, 64, 50, 50, 71, 50, 90, 90, 90
285, 64, 50, 50, 71, 50, 90, 90, 90
286, 64, 50, 50, 71, 50, 90, 90, 90
287, 64, 50, 50, 71, 50, 90, 90, 90
288, 64, 50, 50, 71, 50, 90, 90, 90
289, 64, 50, 50, 71, 50, 90, 90, 90
290, 64, 50, 50, 71, 50, 90, 90, 90
291, 64, 50, 50, 71, 50, 90, 90, 90
292, 64, 50, 50, 71, 50, 90, 90, 90
293, 64, 50, 50, 71, 50, 90, 90, 90
294, 64, 50, 50, 71, 50, 90, 90, 90
295, 64, 50, 50, 71, 50, 90, 90, 90
296, 64, 50, 50, 71, 50, 90, 90, 90
297, 64, 50, 50, 71, 50, 90, 90, 90
298, 64, 50, 50, 71, 50, 90, 90, 90
299, 64, 50, 50, 71, 50, 90, 90, 90
300, 64, 50, 50, 71, 50, 90, 90, 90
301, 64, 50, 50, 71, 50, 90, 90, 90
302, 64, 50, 50, 71, 50, 90, 90, 90
303, 64, 50, 50, 71, 50, 90, 90, 90
304, 64, 50, 50, 71, 50, 90, 90, 90
305, 64, 50, 50, 71, 50, 90, 90, 90
306, 64, 50, 50, 71, 50, 90, 90, 90
307, 64, 50, 50, 71, 50, 90, 90, 90
308, 64, 50, 50, 71, 50, 90, 90, 90
309, 64, 50, 50, 71, 50, 90, 90, 90
310, 64, 50, 50, 71, 50, 90, 90, 90
311, 64, 50, 50, 71, 50, 90, 90, 90
312, 64, 50, 50, 71, 50, 90, 90, 90
313, 64, 50, 50, 71, 50, 90, 90, 90
314, 64, 50, 50, 71, 50, 90, 90, 90
315, 64, 50, 50, 71, 50, 90, 90, 90
316, 64, 50, 50, 71, 50, 90, 90, 90
317, 64, 50, 50, 71, 50, 90, 90, 90
318, 64, 50, 50, 71, 50, 90, 90, 90
319, 64, 50, 50, 71, 50, 90, 90, 90
320, 64, 50, 50, 71, 50, 90, 90, 90
321, 64, 50, 50, 71, 50, 90, 90, 90
322, 64, 50, 50, 71, 50, 90, 90, 90
323, 64, 50, 50, 71, 50, 90, 90, 90
324, 64, 50, 50, 71, 50, 90, 90, 90
325, 64, 50, 50, 71, 50, 90, 90, 90
326, 64, 50, 50, 71, 50, 90, 90, 90
327, 64, 50, 50, 71, 50, 90, 90, 90
328, 64, 50, 50, 71, 50, 90, 90, 90
329, 64, 50, 50, 71, 50, 90, 90, 90
330, 64, 50, 50, 71, 50, 90, 90, 90
331, 64, 50, 50, 71, 50, 90, 90, 90
332, 64, 50, 50, 71, 50, 90, 90, 90
333, 64, 50, 50, 71, 50, 90, 90, 90
334, 64, 50, 50, 71, 50, 90, 90, 90
335, 64, 50, 50, 71, 50, 90, 90, 90
336, 64, 50, 50, 71, 50, 90, 90, 90
337, 64, 50, 50, 71, 50, 90, 90, 90
338, 64, 50, 50, 71, 50, 90, 90, 90
339, 64, 50, 50, 71, 50, 90, 90, 90
340, 64, 50, 50, 71, 50, 90, 90, 90
341, 64, 50, 50, 71, 50, 90, 90, 90
342, 64, 50, 50, 71, 50, 90, 90, 90
343, 64, 50, 50, 71, 50, 90, 90, 90
344, 64, 50, 50, 71, 50, 90, 90, 90
345, 64, 50, 50, 71, 50, 90, 90, 90
346, 64, 50, 50, 71, 50, 90, 90, 90
347, 64, 50, 50, 71, 50, 90, 90, 90
348, 64, 50, 50, 71, 50, 90, 90, 90
349, 64, 50, 50, 71, 50, 90, 90, 90
350, 64, 50, 50, 71, 50, 90, 90, 90
351, 64, 50, 50, 71, 50, 90, 90, 90
352, 64, 50, 50, 71, 50, 90, 90, 90
353, 64, 50, 50, 71, 50, 90, 90, 90
354, 64, 50, 50, 71, 50, 90, 90, 90
355, 64, 50, 50, 71, 50, 90, 90, 90
356, 64, 50, 50, 71, 50, 90, 90, 90
357, 64, 50, 50, 71, 50, 90, 90, 90
358, 64, 50, 50, 71, 50, 90, 90, 90
359, 64, 50, 50, 71, 50, 90, 90, 90
360, 64, 50, 50, 71, 50, 90, 90, 90
361, 64, 50, 50, 71, 50, 90, 90, 90
362, 64, 50, 50, 71, 50, 90, 90, 90
363, 64, 50, 50, 71, 50, 90, 90, 90
364, 64, 50, 50, 71, 50, 90, 90, 90
365, 64, 50, 50, 71, 50, 90, 90, 90
366, 64, 50, 50, 71, 50, 90, 90, 90
367, 64, 50, 50, 71, 50, 90, 90, 90
368, 64, 50, 50, 71, 50, 90, 90, 90
369, 64, 50, 50, 71, 50, 90, 90, 90
370, 64, 50, 50, 71, 50, 90, 90, 90
371, 64, 50, 50, 71, 50, 90, 90, 90
372, 64, 50, 50, 71, 50, 90, 90, 90
373, 64, 50, 50, 71, 50, 90, 90, 90
374, 64, 50, 50, 71, 50, 90, 90, 90
375, 64, 50, 50, 71, 50, 90, 90, 90
376, 64, 50, 50, 71, 50, 90, 90, 90
377, 64, 50, 50, 71, 50, 90, 90, 90
378, 64, 50, 50, 71, 50, 90, 90, 90
379, 64, 50, 50, 71, 50, 90, 90, 90
380, 64, 50, 50, 71, 50, 90, 90, 90
381, 64, 50, 50, 71, 50, 90, 90, 90
382, 64, 50, 50, 71, 50, 90, 90, 90
383, 64, 50, 50, 71, 50, 90, 90, 90
384, 64, 50, 50, 71, 50, 90, 90, 90
385, 64, 50, 50, 71, 50, 90, 90, 90
386, 64, 50, 50, 71, 50, 90, 90, 90
387, 64, 50, 50, 71, 50, 90, 90, 90
388, 64, 50, 50, 71, 50, 90, 90, 90
389, 64, 50, 50, 71, 50, 90, 90, 90
390, 64, 50, 50, 71, 50, 90, 90, 90
391, 64, 50, 50, 71, 50, 90, 90, 90
392, 64, 50, 50, 71, 50, 90, 90, 90
393, 64, 50, 50, 71, 50, 90, 90, 90
394, 64, 50, 50, 71, 50, 90, 90, 90
395, 64, 50, 50, 71, 50, 90, 90, 90
396, 64, 50, 50, 71, 50, 90, 90, 90
397, 64, 50, 50, 71, 50, 90, 90, 90
398, 64, 50, 50, 71, 50, 90, 90, 90
399, 64, 50, 50, 71, 50, 90, 90, 90
400, 64, 50, 50, 71, 50, 90, 90, 90
401, 64, 50, 50, 71, 50, 90, 90, 90
402, 64, 50, 50, 71, 50, 90, 90, 90
403, 64, 50, 50, 71, 50, 90, 90, 90
404, 64, 50, 50, 71, 50, 90, 90, 90
405, 64, 50, 50, 71, 50, 90, 90, 90
406, 64, 50, 50, 71, 50, 90, 90, 90
407, 64, 50, 50, 71, 50, 90, 90, 90
408, 64, 50, 50, 71, 50, 90, 90, 90
409, 64, 50, 50, 71, 50, 90, 90, 90
410, 64, 50, 50, 71, 50, 90, 90, 90
411, 64, 50, 50, 71, 50, 90, 90, 90
412, 64, 50, 50, 71, 50, 90, 90, 90
413, 64, 50, 50, 71, 50, 90, 90, 90
414, 64, 50, 50, 71, 50, 90, 90, 90
415, 64, 50, 50, 71, 50, 90, 90, 90
416, 64, 50, 50, 71, 50, 90, 90, 90
417, 64, 50, 50, 71, 50, 90, 90, 90
418, 64, 50, 50, 71, 50, 90, 90, 90
419, 64, 50, 50, 71, 50, 90, 90, 90
420, 64, 50, 50, 71, 50, 90, 90, 90
421, 64, 50, 50, 71, 50, 90, 90, 90
422, 64, 50, 50, 71, 50, 90, 90, 90
423, 64, 50, 50, 71, 50, 90, 90, 90
424, 64, 50, 50, 71, 50, 90, 90, 90
425, 64, 50, 50, 71, 50, 90, 90, 90
426, 64, 50, 50, 71, 50, 90, 90, 90
427, 64, 50, 50, 71, 50, 90, 90, 90
428, 64, 50, 50, 71, 50, 90, 90, 90
429, 64, 50, 50, 71, 50, 90, 90, 90
430, 64, 50, 50, 71, 50, 90, 90, 90
431, 64, 50, 50, 71, 50, 90, 90, 90
432, 64, 50, 50, 71, 50, 90, 90, 90
433, 64, 50, 50, 71, 50, 90, 90, 90
434, 64, 50, 50, 71, 50, 90, 90, 90
435, 64, 50, 50, 71, 50, 90, 90, 90
436, 64, 50, 50, 71, 50, 90, 90, 90
437, 64, 50, 50, 71, 50, 90, 90, 90
438, 64, 50, 50, 71, 50, 90, 90, 90
439, 64, 50, 50, 71, 50, 90, 90, 90
440, 64, 50, 50, 71, 50, 90, 90, 90
441, 64, 50, 50, 71, 50, 90, 90, 90
442, 64, 50, 50, 71, 50, 90, 90, 90
443, 64, 50, 50, 71, 50, 90, 90, 90
444, 64, 50, 50, 71, 50, 90, 90, 90
445, 64, 50, 50, 71, 50, 90, 90, 90
446, 64, 50, 50, 71, 50, 90, 90, 90
447, 64, 50, 50, 71, 50, 90, 90, 90
448, 64, 50, 50, 71, 50, 90, 90, 90
449, 64, 50, 50, 71, 50, 90, 90, 90
450, 64, 50, 50, 71, 50, 90, 90, 90
451, 64, 50, 50, 71, 50, 90, 90, 90
452, 64, 50, 50, 71, 50, 90, 90, 90
453, 64, 50, 50, 71, 50, 90, 90, 90
454, 64, 50, 50, 71, 50, 90, 90, 90
455, 64, 50, 50, 71, 50, 90, 90, 90
456, 64, 50, 50, 71, 50, 90, 90, 90
457, 64, 50, 50, 71, 50, 90, 90, 90
458, 64, 50, 50, 71, 50, 90, 90, 90
459, 64, 50, 50, 71, 50, 90, 90, 90
460, 64, 50, 50, 71, 50, 90, 90, 90
461, 64, 50, 50, 71, 50, 90, 90, 90
462, 64, 50, 50, 71, 50, 90, 90, 90
463, 64, 50, 50, 71, 50, 90, 90, 90
464, 64, 50, 50, 71, 50, 90, 90, 90
465, 64, 50, 50, 71, 50, 90, 90, 90
466, 64, 50, 50, 71, 50, 90, 90, 90
467, 64, 50, 50, 71, 50, 90, 90, 90
468, 64, 50, 50, 71, 50, 90, 90, 90
469, 64, 50, 50, 71, 50, 90, 90, 90
470, 64, 50, 50, 71, 50, 90, 90, 90
471, 64, 50, 50, 71, 50, 90, 90, 90
472, 64, 50, 50, 71, 50, 90, 90, 90
473, 64, 50, 50, 71, 50, 90, 90, 90
474, 64, 50, 50, 71, 50, 90, 90, 90
475, 64, 50, 50, 71, 50, 90, 90, 90
476, 64, 50, 50, 71, 50, 90, 90, 90
477, 64, 50, 50, 71, 50, 90, 90, 90
478, 64, 50, 50, 71, 50, 90, 90, 90
479, 64, 50, 50, 71, 50, 90, 90, 90
480, 64, 50, 50, 71, 50, 90, 90, 90
481, 64, 50, 50, 71, 50, 90, 90, 90
482, 64, 50, 50, 71, 50, 90, 90, 90
483, 64, 50, 50, 71, 50, 90, 90, 90
484, 64, 50, 50, 71, 50, 90, 90, 90
485, 64, 50, 50, 71, 50, 90, 90, 90
486, 64, 50, 50, 71, 50, 90, 90, 90
487, 64, 50, 50, 71, 50, 90, 90, 90
488, 64, 50, 50, 71, 50, 90, 90, 90
489, 64, 50, 50, 71, 50, 90, 90, 90
490, 64, 50, 50, 71, 50, 90, 90, 90
491, 64, 50, 50, 71, 50, 90, 90, 90
492, 64, 50, 50, 71, 50, 90, 90, 90
493, 64, 50, 50, 71, 50, 90, 90, 90
494, 64, 50, 50, 71, 50, 90, 90, 90
495, 64, 50, 50, 71, 50, 90, 90, 90
496, 64, 50, 50, 71, 50, 90, 90, 90
497, 64, 50, 50, 71, 50, 90, 90, 90
498, 64, 50, 50, 71, 50, 90, 90, 90
499, 64, 50, 50, 71, 50, 90, 90, 90
500, 64, 50, 50, 71, 50, 90, 90, 90
501, 64, 50, 50, 71, 50, 90, 90, 90
502, 64, 50, 50, 71, 50, 90, 90, 90
503, 64, 50, 50, 71, 50, 90, 90, 90
504, 64, 50, 50, 71, 50, 90, 90, 90
505, 64, 50, 50, 71, 50, 90, 90, 90
506, 64, 50, 50, 71, 50, 90, 90, 90
507, 64, 50, 50, 71, 50, 90, 90, 90
508, 64, 50, 50, 71, 50, 90, 90, 90
509, 64, 50, 50, 71, 50, 90, 90, 90
510, 64, 50, 50, 71, 50, 90, 90, 90
511, 64, 50, 50, 71, 50, 90, 90, 90
512, 64, 50, 50, 71, 50, 90, 90, 90
513, 64, 50, 50, 71, 50, 90, 90, 90
514, 64, 50, 50, 71, 50, 90, 90, 90
515, 64, 50, 50, 71, 50, 90, 90, 90
516, 64, 50, 50, 71, 50, 90, 90, 90
517, 64, 50, 50, 71, 50, 90, 90, 90
518, 64, 50, 50, 71, 50, 90, 90, 90
519, 64, 50, 50, 71, 50, 90, 90, 90
520, 64, 50, 50, 71, 50, 90, 90, 90
521, 64, 50, 50, 71, 50, 90, 90, 90
522, 64, 50, 50, 71, 50, 90, 90, 90
523, 64, 50, 50, 71, 50, 90, 90, 90
524, 64, 50, 50, 71, 50, 90, 90, 90
525, 64, 50, 50, 71, 50, 90, 90, 90
526, 64, 50, 50, 71, 50, 90, 90, 90
527, 64, 50, 50, 71, 50, 90, 90, 90
528, 64, 50, 50, 71, 50, 90, 90, 90
529, 64, 50, 50, 71, 50, 90, 90, 90
530, 64, 50, 50, 71, 50, 90, 90, 90
531, 64, 50, 50, 71, 50, 90, 90, 90
532, 64, 50, 50, 71, 50, 90, 90, 90
533, 64, 50, 50, 71, 50, 90, 90, 90
534, 64, 50, 50, 71, 50, 90, 90, 90
535, 64, 50, 50, 71, 50, 90, 90, 90
536, 64, 50, 50, 71, 50, 90, 90, 90
537, 64, 50, 50, 71, 50, 90, 90, 90
538, 64, 50, 50, 71, 50, 90, 90, 90
539, 64, 50, 50, 71, 50, 90, 90, 90
540, 64, 50, 50, 71, 50, 90, 90, 90
541, 64, 50, 50, 71, 50, 90, 90, 90
542, 64, 50, 50, 71, 50, 90, 90, 90
543, 64, 50, 50, 71, 50, 90, 90, 90
544, 64, 50, 50, 71, 50, 90, 90, 90
545, 64, 50, 50, 71, 50, 90, 90, 90
546, 64, 50, 50, 71, 50, 90, 90, 90
547, 64, 50, 50, 71, 50, 90, 90, 90
548, 64, 50, 50, 71, 50, 90, 90, 90
549, 64, 50, 50, 71, 50, 90, 90, 90
550, 64, 50, 50, 71, 50, 90, 90, 90
551, 64, 50, 50, 71, 50, 90, 90, 90
552, 64, 50, 50, 71, 50, 90, 90, 90
553, 64, 50, 50, 71, 50, 90, 90, 90
554, 64, 50, 50, 71, 50, 90, 90, 90
555, 64, 50, 50, 71, 50, 90, 90, 90
556, 64, 50, 50, 71, 50, 90, 90, 90
557, 64, 50, 50, 71, 50, 90, 90, 90
558, 64, 50, 50, 71, 50, 90, 90, 90
559, 64, 50, 50, 71, 50, 90, 90, 90
560, 64, 50, 50, 71, 50, 90, 90, 90
561, 64, 50, 50, 71, 50, 90, 90, 90
562, 64, 50, 50, 71, 50, 90, 90, 90
563, 64, 50, 50, 71, 50, 90, 90, 90
564, 64, 50, 50, 71, 50, 90, 90, 90
565, 64, 50, 50, 71, 50, 90, 90, 90
566, 64, 50, 50, 71, 50, 90, 90, 90
567, 64, 50, 50, 71, 50, 90, 90, 90
568, 64, 50, 50, 71, 50, 90, 90, 90
569, 64, 50, 50, 71, 50, 90, 90, 90
570, 64, 50, 50, 71, 50, 90, 90, 90
571, 64, 50, 50, 71, 50, 90, 90, 90
572, 64, 50, 50, 71, 50, 90, 90, 90
573, 64, 50, 50, 71, 50, 90, 90, 90
574, 64, 50, 50, 71, 50, 90, 90, 90
575, 64, 50, 50, 71, 50, 90, 90, 90
576, 64, 50, 50, 71, 50, 90, 90, 90
577, 64, 50, 50, 71, 50, 90, 90, 90
578, 64, 50, 50, 71, 50, 90, 90, 90
579, 64, 50, 50, 71, 50, 90, 90, 90
580, 64, 50, 50, 71, 50, 90, 90, 90
581, 64, 50, 50, 71, 50, 90, 90, 90
582, 64, 50, 50, 71, 50, 90, 90, 90
583, 64, 50, 50, 71, 50, 90, 90, 90
584, 64, 50, 50, 71, 50, 90, 90, 90
585, 64, 50, 50, 71, 50, 90, 90, 90
586, 64, 50, 50, 71, 50, 90, 90, 90
587, 64, 50, 50, 71, 50, 90, 90, 90
588, 64, 50, 50, 71, 50, 90, 90, 90
589, 64, 50, 50, 71, 50, 90, 90, 90
590, 64, 50, 50, 71, 50, 90, 90, 90
591, 64, 50, 50, 71, 50, 90, 90, 90
592, 64, 50, 50, 71, 50, 90, 90, 90
593, 64, 50, 50, 71, 50, 90, 90, 90
594, 64, 50, 50, 71, 50, 90, 90, 90
595, 64, 50, 50, 71, 50, 90, 90, 90
596, 64, 50, 50, 71, 50, 90, 90, 90
597, 64, 50, 50, 71, 50, 90, 90, 90
598, 64, 50, 50, 71, 50, 90, 90, 90
599, 64, 50, 50, 71, 50, 90, 90, 90
600, 64, 50, 50, 71, 50, 90, 90, 90
601, 64, 50, 50, 71, 50, 90, 90, 90
602, 64, 50, 50, 71, 50, 90, 90, 90
603, 64, 50, 50, 71, 50, 90, 90, 90
604, 64, 50, 50, 71, 50, 90, 90, 90
605, 64, 50, 50, 71, 50, 90, 90, 90
606, 64, 50, 50, 71, 50, 90, 90, 90
607, 64, 50, 50, 71, 50, 90, 90, 90
608, 64, 50, 50, 71, 50, 90, 90, 90
609, 64, 50, 50, 71, 50, 90, 90, 90
610, 64, 50, 50, 71, 50, 90, 90, 90
611, 64, 50, 50, 71, 50, 90, 90, 90
612, 64, 50, 50, 71, 50, 90, 90, 90
613, 64, 50, 50, 71, 50, 90, 90, 90
614, 64, 50, 50, 71, 50, 90, 90, 90
615, 64, 50, 50, 71, 50, 90, 90, 90
616, 64, 50, 50, 71, 50, 90, 90, 90
617, 64, 50, 50, 71, 50, 90, 90, 90
618, 64, 50, 50, 71, 50, 90, 90, 90
619, 64, 50, 50, 71, 50, 90, 90, 90
620, 64, 50, 50, 71, 50, 90, 90, 90
621, 64, 50, 50, 71, 50, 90, 90, 90
622, 64, 50, 50, 71, 50, 90, 90, 90
623, 64, 50, 50, 71, 50, 90, 90, 90
624, 64, 50, 50, 71, 50, 90, 90, 90
625, 64, 50, 50, 71, 50, 90, 90, 90
626, 64, 50, 50, 71, 50, 90, 90, 90
627, 64, 50, 50, 71, 50, 90, 90, 90
628, 64, 50, 50, 71, 50, 90, 90, 90
629, 64, 50, 50, 71, 50, 90, 90, 90
630, 64, 50, 50, 71, 50, 90, 90, 90
631, 64, 50, 50, 71, 50, 90, 90, 90
632, 64, 50, 50, 71, 50, 90, 90, 90
633, 64, 50, 50, 71, 50, 90, 90, 90
634, 64, 50, 50, 71, 50, 90, 90, 90
635, 64, 50, 50, 71, 50, 90, 90, 90
636, 64, 50, 50, 71, 50, 90, 90, 90
637, 64, 50, 50, 71, 50, 90, 90, 90
638, 64, 50, 50, 71, 50, 90, 90, 90
639, 64, 50, 50, 71, 50, 90, 90, 90
640, 64, 50, 50, 71, 50, 90, 90, 90
641, 64, 50, 50, 71, 50, 90, 90, 90
642, 64, 50, 50, 71, 50, 90, 90, 90
643, 64, 50, 50, 71, 50, 90, 90, 90
644, 64, 50, 50, 71, 50, 90, 90, 90
645, 64, 50, 50, 71, 50, 90, 90, 90
646, 64, 50, 50, 71, 50, 90, 90, 90
647, 64, 50, 50, 71, 50, 90, 90, 90
648, 64, 50, 50, 71, 50, 90, 90, 90
649, 64, 50, 50, 71, 50, 90, 90, 90
650, 64, 50, 50, 71, 50, 90, 90, 90
651, 64, 50, 50, 71, 50, 90, 90, 90
652, 64, 50, 50, 71, 50, 90, 90, 90
653, 64, 50, 50, 71, 50, 90, 90, 90
654, 64, 50, 50, 71, 50, 90, 90, 90
655, 64, 50, 50, 71, 50, 90, 90, 90
656, 64, 50, 50, 71, 50, 90, 90, 90
657, 64, 50, 50, 71, 50, 90, 90, 90
658, 64, 50, 50, 71, 50, 90, 90, 90
659, 64, 50, 50, 71, 50, 90, 90, 90
660, 64, 50, 50, 71, 50, 90, 90, 90
661, 64, 50, 50, 71, 50, 90, 90, 90
662, 64, 50, 50, 71, 50, 90, 90, 90
663, 64, 50, 50, 71, 50, 90, 90, 90
664, 64, 50, 50, 71, 50, 90, 90, 90
665, 64, 50, 50, 71, 50, 90, 90, 90
666, 64, 50, 50, 71, 50, 90, 90, 90
667, 64, 50, 50, 71, 50, 90, 90, 90
668, 64, 50, 50, 71, 50, 90, 90, 90
669, 64, 50, 50, 71, 50, 90, 90, 90
670, 64, 50, 50, 71, 50, 90, 90, 90
671, 64, 50, 50, 71, 50, 90, 90, 90
672, 64, 50, 50, 71, 50, 90, 90, 90
673, 64, 50, 50, 71, 50, 90, 90, 90
674, 64, 50, 50, 71, 50, 90, 90, 90
675, 64, 50, 50, 71, 50, 90, 90, 90
676, 64, 50, 50, 71, 50, 90, 90, 90
677, 64, 50, 50, 71, 50, 90, 90, 90
678, 64, 50, 50, 71, 50, 90, 90, 90
679, 64, 50, 50, 71, 50, 90, 90, 90
680, 64, 50, 50, 71, 50, 90, 90, 90
681, 64, 50, 50, 71, 50, 90, 90, 90
682, 64, 50, 50, 71, 50, 90, 90, 90
683, 64, 50, 50, 71, 50, 90, 90, 90
684, 64, 50, 50, 71, 50, 90, 90, 90
685, 64, 50, 50, 71, 50, 90, 90, 90
686, 64, 50, 50, 71, 50, 90, 90, 90
687, 64, 50, 50, 71, 50, 90, 90, 90
688, 64, 50, 50, 71, 50, 90, 90, 90
689, 64, 50, 50, 71, 50, 90, 90, 90
690, 64, 50, 50, 71, 50, 90, 90, 90
691, 64, 50, 50, 71, 50, 90, 90, 90
692, 64, 50, 50, 71, 50, 90, 90, 90
693, 64, 50, 50, 71, 50, 90, 90, 90
694, 64, 50, 50, 71, 50, 90, 90, 90
695, 64, 50, 50, 71, 50, 90, 90, 90
696, 64, 50, 50, 71, 50, 90, 90, 90
697, 64, 50, 50, 71, 50, 90, 90, 90
698, 64, 50, 50, 71, 50, 90, 90, 90
699, 64, 50, 50, 71, 50, 90, 90, 90
700, 64, 50, 50, 71, 50, 90, 90, 90
701, 64, 50, 50, 71, 50, 90, 90, 90
702, 64, 50, 50, 71, 50, 90, 90, 90
703, 64, 50, 50, 71, 50, 90, 90, 90
704, 64, 50, 50, 71, 50, 90, 90, 90
705, 64, 50, 50, 71, 50, 90, 90, 90
706, 64, 50, 50, 71, 50, 90, 90, 90
707, 64, 50, 50, 71, 50, 90, 90, 90
708, 64, 50, 50, 71, 50, 90, 90, 90
709, 64, 50, 50, 71, 50, 90, 90, 90
710, 64, 50, 50, 71, 50, 90, 90, 90
711, 64, 50, 50, 71, 50, 90, 90, 90
712, 64, 50, 50, 71, 50, 90, 90, 90
713, 64, 50, 50, 71, 50, 90, 90, 90
714, 64, 50, 50, 71, 50, 90, 90, 90
715, 64, 50, 50, 71, 50, 90, 90, 90
716, 64, 50, 50, 71, 50, 90, 90, 90
717, 64, 50, 50, 71, 50, 90, 90, 90
718, 64, 50, 50, 71, 50, 90, 90, 90
719, 64, 50, 50, 71, 50, 90, 90, 90
720, 64, 50, 50, 71, 50, 90, 90, 90
721, 64, 50, 50, 71, 50, 90, 90, 90
722, 64, 50, 50, 71, 50, 90, 90, 90
723, 64, 50, 50, 71, 50, 90, 90, 90
724, 64, 50, 50, 71, 50, 90, 90, 90
725, 64, 50, 50, 71, 50, 90, 90, 90
726, 64, 50, 50, 71, 50, 90, 90, 90
727, 64, 50, 50, 71, 50, 90, 90, 90
728, 64, 50, 50, 71, 50, 90, 90, 90
729, 64, 50, 50, 71, 50, 90, 90, 90
730, 64, 50, 50, 71, 50, 90, 90, 90
731, 64, 50, 50, 71, 50, 90, 90, 90
732, 64, 50, 50, 71, 50, 90, 90, 90
733, 64, 50, 50, 71, 50, 90, 90, 90
734, 64, 50, 50, 71, 50, 90, 90, 90
735, 64, 50, 50, 71, 50, 90, 90, 90
736, 64, 50, 50, 71, 50, 90, 90, 90
737, 64, 50, 50, 71, 50, 90, 90, 90
738, 64, 50, 50, 71, 50, 90, 90, 90
739, 64, 50, 50, 71, 50, 90, 90, 90
740, 64, 50, 50, 71, 50, 90, 90, 90
741, 64, 50, 50, 71, 50, 90, 90, 90
742, 64, 50, 50, 71, 50, 90, 90, 90
743, 64, 50, 50, 71, 50, 90, 90, 90
744, 64, 50, 50, 71, 50, 90, 90, 90
745, 64, 50, 50, 71, 50, 90, 90, 90
746, 64, 50, 50, 71, 50, 90, 90, 90
747, 64, 50, 50, 71, 50, 90, 90, 90
748, 64, 50, 50, 71, 50, 90, 90, 90
749, 64, 50, 50, 71, 50, 90, 90, 90
750, 64, 50, 50, 71, 50, 90, 90, 90
751, 64, 50, 50, 71, 50, 90, 90, 90
752, 64, 50, 50, 71, 50, 90, 90, 90
753, 64, 50, 50, 71, 50, 90, 90, 90
754, 64, 50, 50, 71, 50, 90, 90, 90
755, 64, 50, 50, 71, 50, 90, 90, 90
756, 64, 50, 50, 71, 50, 90, 90, 90
757, 64, 50, 50, 71, 50, 90, 90, 90
758, 64, 50, 50, 71, 50, 90, 90, 90
759, 64, 50, 50, 71, 50, 90, 90, 90
760, 64, 50, 50, 71, 50, 90, 90, 90
761, 64, 50, 50, 71, 50, 90, 90, 90
762, 64, 50, 50, 71, 50, 90, 90, 90
763, 64, 50, 50, 71, 50, 90, 90, 90
764, 64, 50, 50, 71, 50, 90, 90, 90
765, 64, 50, 50, 71, 50, 90, 90, 90
766, 64, 50, 50, 71, 50, 90, 90, 90
767, 64, 50, 50, 71, 50, 90, 90, 90
768, 64, 50, 50, 71, 50, 90, 90, 90
769, 64, 50, 50, 71, 50, 90, 90, 90
770, 64, 50, 50, 71, 50, 90, 90, 90
771, 64, 50, 50, 71, 50, 90, 90, 90
772, 64, 50, 50, 71, 50, 90, 90, 90
773, 64, 50, 50, 71, 50, 90, 90, 90
774, 64, 50, 50, 71, 50, 90, 90, 90
775, 64, 50, 50, 71, 50, 90, 90, 90
776, 64, 50, 50, 71, 50, 90, 90, 90
777, 64, 50, 50, 71, 50, 90, 90, 90
778, 64, 50, 50, 71, 50, 90, 90, 90
779, 64, 50, 50, 71, 50, 90, 90, 90
780, 64, 50, 50, 71, 50, 90, 90, 90
781, 64, 50, 50, 71, 50, 90, 90, 90
782, 64, 50, 50, 71, 50, 90, 90, 90
783, 64, 50, 50, 71, 50, 90, 90, 90
784, 64, 50, 50, 71, 50, 90, 90, 90
785, 64, 50, 50, 71, 50, 90, 90, 90
786, 64, 50, 50, 71, 50, 90, 90, 90
787, 64, 50, 50, 71, 50, 90, 90, 90
788, 64, 50, 50, 71, 50, 90, 90, 90
789, 64, 50, 50, 71, 50, 90, 90, 90
790, 64, 50, 50, 71, 50, 90, 90, 90
791, 64, 50, 50, 71, 50, 90, 90, 90
792, 64, 50, 50, 71, 50, 90, 90, 90
793, 64, 50, 50, 71, 50, 90, 90, 90
794, 64, 50, 50, 71, 50, 90, 90, 90
795, 64, 50, 50, 71, 50, 90, 90, 90
796, 64, 50, 50, 71, 50, 90, 90, 90
797, 64, 50, 50, 71, 50, 90, 90, 90
798, 64, 50, 50, 71, 50, 90, 90, 90
799, 64, 50, 50, 71, 50, 90, 90, 90
800, 64, 50, 50, 71, 50, 90, 90, 90
801, 64, 50, 50, 71, 50, 90, 90, 90
802, 64, 50, 50, 71, 50, 90, 90, 90
803, 64, 50, 50, 71, 50, 90, 90, 90
804, 64, 50, 50, 71, 50, 90, 90, 90
805, 64, 50, 50, 71, 50, 90, 90, 90
806, 64, 50, 50, 71, 50, 90, 90, 90
807, 64, 50, 50, 71, 50, 90, 90, 90
808, 64, 50, 50, 71, 50, 90, 90, 90
809, 64, 50, 50, 71, 50, 90, 90, 90
810, 64, 50, 50, 71, 50, 90, 90, 90
811, 64, 50, 50, 71, 50, 90, 90, 90
812, 64, 50, 50, 71, 50, 90, 90, 90
813, 64, 50, 50, 71, 50, 90, 90, 90
814, 64, 50, 50, 71, 50, 90, 90, 90
815, 64, 50, 50, 71, 50, 90, 90, 90
816, 64, 50, 50, 71, 50, 90, 90, 90
817, 64, 50, 50, 71, 50, 90, 90, 90
818, 64, 50, 50, 71, 50, 90, 90, 90
819, 64, 50, 50, 71, 50, 90, 90, 90
820, 64, 50, 50, 71, 50, 90, 90, 90
821, 64, 50, 50, 71, 50, 90, 90, 90
822, 64, 50, 50, 71, 50, 90, 90, 90
823, 64, 50, 50, 71, 50, 90, 90, 90
824, 64, 50, 50, 71, 50, 90, 90, 90
825, 64, 50, 50, 71, 50, 90, 90, 90
826, 64, 50, 50, 71, 50, 90, 90, 90
827, 64, 50, 50, 71, 50, 90, 90, 90
828, 64, 50, 50, 71, 50, 90, 90, 90
829, 64, 50, 50, 71, 50, 90, 90, 90
830, 64, 50, 50, 71, 50, 90, 90, 90
831, 64, 50, 50, 71, 50, 90, 90, 90
832, 64, 50, 50, 71, 50, 90, 90, 90
833, 64, 50, 50, 71, 50, 90, 90, 90
834, 64, 50, 50, 71, 50, 90, 90, 90
835, 64, 50, 50, 71, 50, 90, 90, 90
836, 64, 50, 50, 71, 50, 90, 90, 90
837, 64, 50, 50, 71, 50, 90, 90, 90
838, 64, 50, 50, 71, 50, 90, 90, 90
839, 64, 50, 50, 71, 50, 90, 90, 90
840, 64, 50, 50, 71, 50, 90, 90, 90
841, 64, 50, 50, 71, 50, 90, 90, 90
842, 64, 50, 50, 71, 50, 90, 90, 90
843, 64, 50, 50, 71, 50, 90, 90, 90
844, 64, 50, 50, 71, 50, 90, 90, 90
845, 64, 50, 50, 71, 50, 90, 90, 90
846, 64, 50, 50, 71, 50, 90, 90, 90
847, 64, 50, 50, 71, 50, 90, 90, 90
848, 64, 50, 50, 71, 50, 90, 90, 90
849, 64, 50, 50, 71, 50, 90, 90, 90
850, 64, 50, 50, 71, 50, 90, 90, 90
851, 64, 50, 50, 71, 50, 90, 90, 90
852, 64, 50, 50, 71, 50, 90, 90, 90
853, 64, 50, 50, 71, 50, 90, 90, 90
854, 64, 50, 50, 71, 50, 90, 90, 90
855, 64, 50, 50, 71, 50, 90, 90, 90
856, 64, 50, 50, 71, 50, 90, 90, 90
857, 64, 50, 50, 71, 50, 90, 90, 90
858, 64, 50, 50, 71, 50, 90, 90, 90
859, 64, 50, 50, 71, 50, 90, 90, 90
860, 64, 50, 50, 71, 50, 90, 90, 90
861, 64, 50, 50, 71, 50, 90, 90, 90
862, 64, 50, 50, 71, 50, 90, 90, 90
863, 64, 50, 50, 71, 50, 90, 90, 90
864, 64, 50, 50, 71, 50, 90, 90, 90
865, 64, 50, 50, 71, 50, 90, 90, 90
866, 64, 50, 50, 71, 50, 90, 90, 90
867, 64, 50, 50, 71, 50, 90, 90, 90
868, 64, 50, 50, 71, 50, 90, 90, 90
869, 64, 50, 50, 71, 50, 90, 90, 90
870, 64, 50, 50, 71, 50, 90, 90, 90
871, 64, 50, 50, 71, 50, 90, 90, 90
872, 64, 50, 50, 71, 50, 90, 90, 90
873, 64, 50, 50, 71, 50, 90, 90, 90
874, 64, 50, 50, 71, 50, 90, 90, 90
875, 64, 50, 50, 71, 50, 90, 90, 90
876, 64, 50, 50, 71, 50, 90, 90, 90
877, 64, 50, 50, 71, 50, 90, 90, 90
878, 64, 50, 50, 71, 50, 90, 90, 90
879, 64, 50, 50, 71, 50, 90, 90, 90
880, 64, 50, 50, 71, 50, 90, 90, 90
881, 64, 50, 50, 71, 50, 90, 90, 90
882, 64, 50, 50, 71, 50, 90, 90, 90
883, 64, 50, 50, 71, 50, 90, 90, 90
884, 64, 50, 50, 71, 50, 90, 90, 90
885, 64, 50, 50, 71, 50, 90, 90, 90
886, 64, 50, 50, 71, 50, 90, 90, 90
887, 64, 50, 50, 71, 50, 90, 90, 90
888, 64, 50, 50, 71, 50, 90, 90, 90
889, 64, 50, 50, 71, 50, 90, 90, 90
890, 64, 50, 50, 71, 50, 90, 90, 90
891, 64, 50, 50, 71, 50, 90, 90, 90
892, 64, 50, 50, 71, 50, 90, 90, 90
893, 64, 50, 50, 71, 50, 90, 90, 90
894, 64, 50, 50, 71, 50, 90, 90, 90
895, 64, 50, 50, 71, 50, 90, 90, 90
896, 64, 50, 50, 71, 50, 90, 90, 90
897, 64, 50, 50, 71, 50, 90, 90, 90
898, 64, 50, 50, 71, 50, 90, 90, 90
899, 64, 50, 50, 71, 50, 90, 90, 90
900, 64, 50, 50, 71, 50, 90, 90, 90
901, 64, 50, 50, 71, 50, 90, 90, 90
902, 64, 50, 50, 71, 50, 90, 90, 90
903, 64, 50, 50, 71, 50, 90, 90, 90
904, 64, 50, 50, 71, 50, 90, 90, 90
905, 64, 50, 50, 71, 50, 90, 90, 90
906, 64, 50, 50, 71, 50, 90, 90, 90
907, 64, 50, 50, 71, 50, 90, 90, 90
908, 64, 50, 50, 71, 50, 90, 90, 90
909, 64, 50, 50, 71, 50, 90, 90, 90
910, 64, 50, 50, 71, 50, 90, 90, 90
911, 64, 50, 50, 71, 50, 90, 90, 90
912, 64, 50, 50, 71, 50, 90, 90, 90
913, 64, 50, 50, 71, 50, 90, 90, 90
914, 64, 50, 50, 71, 50, 90, 90, 90
915, 64, 50, 50, 71, 50, 90, 90, 90
916, 64, 50, 50, 71, 50, 90, 90, 90
917, 64, 50, 50, 71, 50, 90, 90, 90
918, 64, 50, 50, 71, 50, 90, 90, 90
919, 64, 50, 50, 71, 50, 90, 90, 90
920, 64, 50, 50, 71, 50, 90, 90, 90
921, 64, 50, 50, 71, 50, 90, 90, 90
922, 64, 50, 50, 71, 50, 90, 90, 90
923, 64, 50, 50, 71, 50, 90, 90, 90
924, 64, 50, 50, 71, 50, 90, 90, 90
925, 64, 50, 50, 71, 50, 90, 90, 90
926, 64, 50, 50, 71, 50, 90, 90, 90
927, 64, 50, 50, 71, 50, 90, 90, 90
928, 64, 50, 50, 71, 50, 90, 90, 90
929, 64, 50, 50, 71, 50, 90, 90, 90
930, 64, 50, 50, 71, 50, 90, 90, 90
931, 64, 50, 50, 71, 50, 90, 90, 90
932, 64, 50, 50, 71, 50, 90, 90, 90
933, 64, 50, 50, 71, 50, 90, 90, 90
934, 64, 50, 50, 71, 50, 90, 90, 90
935, 64, 50, 50, 71, 50, 90, 90, 90
936, 64, 50, 50, 71, 50, 90, 90, 90
937, 64, 50, 50, 71, 50, 90, 90, 90
938, 64, 50, 50, 71, 50, 90, 90, 90
939, 64, 50, 50, 71, 50, 90, 90, 90
940, 64, 50, 50, 71, 50, 90, 90, 90
941, 64, 50, 50, 71, 50, 90, 90, 90
942, 64, 50, 50, 71, 50, 90, 90, 90
943, 64, 50, 50, 71, 50, 90, 90, 90
944, 64, 50, 50, 71, 50, 90, 90, 90
945, 64, 50, 50, 71, 50, 90, 90, 90
946, 64, 50, 50, 71, 50, 90, 90, 90
947, 64, 50, 50, 71, 50, 90, 90, 90
948, 64, 50, 50, 71, 50, 90, 90, 90
949, 64, 50, 50, 71, 50, 90, 90, 90
950, 64, 50, 50, 71, 50, 90, 90, 90
951, 64, 50, 50, 71, 50, 90, 90, 90
952, 64, 50, 50, 71, 50, 90, 90, 90
953, 64, 50, 50, 71, 50, 90, 90, 90
954, 64, 50, 50, 71, 50, 90, 90, 90
955, 64, 50, 50, 71, 50, 90, 90, 90
956, 64, 50, 50, 71, 50, 90, 90, 90
957, 64, 50, 50, 71, 50, 90, 90, 90
958, 64, 50, 50, 71, 50, 90, 90, 90
959, 64, 50, 50, 71, 50, 90, 90, 90
960, 64, 50, 50, 71, 50, 90, 90, 90
961, 64, 50, 50, 71, 50, 90, 90, 90
962, 64, 50, 50, 71, 50, 90, 90, 90
963, 64, 50, 50, 71, 50, 90, 90, 90
964, 64, 50, 50, 71, 50, 90, 90, 90
965, 64, 50, 50, 71, 50, 90, 90, 90
966, 64, 50, 50, 71, 50, 90, 90, 90
967, 64, 50, 50, 71, 50, 90, 90, 90
968, 64, 50, 50, 71, 50, 90, 90, 90
969, 64, 50, 50, 71, 50, 90, 90, 90
970, 64, 50, 50, 71, 50, 90, 90, 90
971, 64, 50, 50, 71, 50, 90, 90, 90
972, 64, 50, 50, 71, 50, 90, 90, 90
973, 64, 50, 50, 71, 50, 90, 90, 90
974, 64, 50, 50, 71, 50, 90, 90, 90
975, 64, 50, 50, 71, 50, 90, 90, 90
976, 64, 50, 50, 71, 50, 90, 90, 90
977, 64, 50, 50, 71, 50, 90, 90, 90
978, 64, 50, 50, 71, 50, 90, 90, 90
979, 64, 50, 50, 71, 50, 90, 90, 90
980, 64, 50, 50, 71, 50, 90, 90, 90
981, 64, 50, 50, 71, 50, 90, 90, 90
982, 64, 50, 50, 71, 50, 90, 90, 90
983, 64, 50, 50, 71, 50, 90, 90, 90
984, 64, 50, 50, 71, 50, 90, 90, 90
985, 64, 50, 50, 71, 50, 90, 90, 90
986, 64, 50, 50, 71, 50, 90, 90, 90
987, 64, 50, 50, 71, 50, 90, 90, 90
988, 64, 50, 50, 71, 50, 90, 90, 90
989, 64, 50, 50, 71, 50, 90, 90, 90
990, 64, 50, 50, 71, 50, 90, 90, 90
991, 64, 50, 50, 71, 50, 90, 90, 90
992, 64, 50, 50, 71, 50, 90, 90, 90
993, 64, 50, 50, 71, 50, 90, 90, 90
994, 64, 50, 50, 71, 50, 90, 90, 90
995, 64, 50, 50, 71, 50, 90, 90, 90
996, 64, 50, 50, 71, 50, 90, 90, 90
997, 64, 50, 50, 71, 50, 90, 90, 90
998, 64, 50, 50, 71, 50, 90, 90, 90
999, 64, 50, 50, 71, 50, 90, 90, 90
