0, 134, 625, 339, 134, 625, 0, 0, 0
1, 117, 312, 256, 124, 305, 0, 0, 0
2, 106, 297, 214, 110, 297, 0, 0, 0
3, 94, 297, 188, 104, 297, 0, 0, 0
4, 87, 297, 188, 103, 297, 0, 0, 0
5, 92, 297, 188, 99, 297, 0, 0, 0
6, 90, 297, 188, 101, 297, 0, 0, 0
7, 89, 297, 188, 101, 297, 0, 0, 0
8, 89, 297, 188, 101, 297, 0, 0, 0
9, 89, 297, 188, 101, 297, 0, 0, 0
10, 89, 297, 188, 101, 297, 0, 0, 0
11, 89, 297, 188, 101, 297, 0, 0, 0
12, 89, 297, 188, 101, 297, 0, 0, 0
13, 89, 297, 188, 101, 297, 0, 0, 0
14, 89, 297, 188, 101, 297, 0, 0, 0
15, 89, 297, 188, 101, 297, 0, 0, 0
16, 89, 297, 188, 101, 297, 0, 0, 0
17, 89, 297, 188, 101, 297, 0, 0, 0
18, 89, 297, 188, 101, 297, 0, 0, 0
19, 89, 297, 188, 101, 297, 0, 0, 0
20, 89, 297, 188, 101, 297, 0, 0, 0
21, 89, 297, 188, 101, 297, 0, 0, 0
22, 89, 297, 188, 101, 297, 0, 0, 0
23, 89, 297, 188, 101, 297, 0, 0, 0
24, 89, 297, 188, 101, 297, 0, 0, 0
25, 89, 297, 188, 101, 297, 0, 0, 0
26, 89, 297, 188, 101, 297, 0, 0, 0
27, 89, 297, 188, 101, 297, 0, 0, 0
28, 89, 297, 188, 101, 297, 0, 0, 0
29, 89, 297, 188, 101, 297, 0, 0, 0
30, 89, 297, 188, 101, 297, 0, 0, 0
31, 89, 297, 188, 101, 297, 0, 0, 0
32, 89, 297, 188, 101, 297, 0, 0, 0
33, 89, 297, 188, 101, 297, 0, 0, 0
34, 89, 297, 188, 101, 297, 0, 0, 0
35, 89, 297, 188, 101, 297, 0, 0, 0
36, 89, 297, 188, 101, 297, 0, 0, 0
37, 89, 297, 188, 101, 297, 0, 0, 0
38, 89, 297, 188, 101, 297, 0, 0, 0
39, 89, 297, 188, 101, 297, 0, 0, 0
40, 89, 297, 188, 101, 297, 0, 0, 0
41, 89, 297, 188, 101, 297, 0, 0, 0
42, 89, 297, 188, 101, 297, 0, 0, 0
43, 89, 297, 188, 101, 297, 0, 0, 0
44, 89, 297, 188, 101, 297, 0, 0, 0
45, 89, 297, 188, 101, 297, 0, 0, 0
46, 89, 297, 188, 101, 297, 0, 0, 0
47, 89, 297, 188, 101, 297, 0, 0, 0
48, 89, 297, 188, 101, 297, 0, 0, 0
49, 89, 297, 188, 101, 297, 0, 0, 0
50, 89, 297, 188, 101, 297, 0, 0, 0
51, 89, 297, 188, 101, 297, 0, 0, 0
52, 89, 297, 188, 101, 297, 0, 0, 0
53, 89, 297, 188, 101, 297, 0, 0, 0
54, 89, 297, 188, 101, 297, 0, 0, 0
55, 89, 297, 188, 101, 297, 0, 0, 0
56, 89, 297, 188, 101, 297, 0, 0, 0
57, 89, 297, 188, 101, 297, 0, 0, 0
58, 89, 297, 188, 101, 297, 0, 0, 0
59, 89, 297, 188, 101, 297, 0, 0, 0
60, 89, 297, 188, 101, 297, 0, 0, 0
61, 89, 297, 188, 101, 297, 0, 0, 0
62, 89, 297, 188, 101, 297, 0, 0, 0
63, 89, 297, 188, 101, 297, 0, 0, 0
64, 89, 297, 188, 101, 297, 0, 0, 0
65, 89, 297, 188, 101, 297, 0, 0, 0
66, 89, 297, 188, 101, 297, 0, 0, 0
67, 89, 297, 188, 101, 297, 0, 0, 0
68, 89, 297, 188, 101, 297, 0, 0, 0
69, 89, 297, 188, 101, 297, 0, 0, 0
70, 89, 297, 188, 101, 297, 0, 0, 0
71, 89, 297, 188, 101, 297, 0, 0, 0
72, 89, 297, 188, 101, 297, 0, 0, 0
73, 89, 297, 188, 101, 297, 0, 0, 0
74, 89, 297, 188, 101, 297, 0, 0, 0
75, 89, 297, 188, 101, 297, 0, 0, 0
76, 89, 297, 188, 101, 297, 0, 0, 0
77, 89, 297, 188, 101, 297, 0, 0, 0
78, 89, 297, 188, 101, 297, 0, 0, 0
79, 89, 297, 188, 101, 297, 0, 0, 0
80, 89, 297, 188, 101, 297, 0, 0, 0
81, 89, 297, 188, 101, 297, 0, 0, 0
82, 89, 297, 188, 101, 297, 0, 0, 0
83, 89, 297, 188, 101, 297, 0, 0, 0
84, 89, 297, 188, 101, 297, 0, 0, 0
85, 89, 297, 188, 101, 297, 0, 0, 0
86, 89, 297, 188, 101, 297, 0, 0, 0
87, 89, 297, 188, 101, 297, 0, 0, 0
88, 89, 297, 188, 101, 297, 0, 0, 0
89, 89, 297, 188, 101, 297, 0, 0, 0
90, 89, 297, 188, 101, 297, 0, 0, 0
91, 89, 297, 188, 101, 297, 0, 0, 0
92, 89, 297, 188, 101, 297, 0, 0, 0
93, 89, 297, 188, 101, 297, 0, 0, 0
94, 89, 297, 188, 101, 297, 0, 0, 0
95, 89, 297, 188, 101, 297, 0, 0, 0
96, 89, 297, 188, 101, 297, 0, 0, 0
97, 89, 297, 188, 101, 297, 0, 0, 0
98, 89, 297, 188, 101, 297, 0, 0, 0
99, 89, 297, 188, 101, 297, 0, 0, 0
100, 89, 297, 188, 101, 297, 0, 0, 0
101, 89, 297, 188, 101, 297, 0, 0, 0
102, 89, 297, 188, 101, 297, 0, 0, 0
103, 89, 297, 188, 101, 297, 0, 0, 0
104, 89, 297, 188, 101, 297, 0, 0, 0
105, 89, 297, 188, 101, 297, 0, 0, 0
106, 89, 297, 188, 101, 297, 0, 0, 0
107, 89, 297, 188, 101, 297, 0, 0, 0
108, 89, 297, 188, 101, 297, 0, 0, 0
109, 89, 297, 188, 101, 297, 0, 0, 0
110, 89, 297, 188, 101, 297, 0, 0, 0
111, 89, 297, 188, 101, 297, 0, 0, 0
112, 89, 297, 188, 101, 297, 0, 0, 0
113, 89, 297, 188, 101, 297, 0, 0, 0
114, 89, 297, 188, 101, 297, 0, 0, 0
115, 89, 297, 188, 101, 297, 0, 0, 0
116, 89, 297, 188, 101, 297, 0, 0, 0
117, 89, 297, 188, 101, 297, 0, 0, 0
118, 89, 297, 188, 101, 297, 0, 0, 0
119, 89, 297, 188, 101, 297, 0, 0, 0
120, 89, 297, 188, 101, 297, 0, 0, 0
121, 89, 297, 188, 101, 297, 0, 0, 0
122, 89, 297, 188, 101, 297, 0, 0, 0
123, 89, 297, 188, 101, 297, 0, 0, 0
124, 89, 297, 188, 101, 297, 0, 0, 0
125, 89, 297, 188, 101, 297, 0, 0, 0
126, 89, 297, 188, 101, 297, 0, 0, 0
127, 89, 297, 188, 101, 297, 0, 0, 0
128, 89, 297, 188, 101, 297, 0, 0, 0
129, 89, 297, 188, 101, 297, 0, 0, 0
130, 89, 297, 188, 101, 297, 0, 0, 0
131, 89, 297, 188, 101, 297, 0, 0, 0
132, 89, 297, 188, 101, 297, 0, 0, 0
133, 89, 297, 188, 101, 297, 0, 0, 0
134, 89, 297, 188, 101, 297, 0, 0, 0
135, 89, 297, 188, 101, 297, 0, 0, 0
136, 89, 297, 188, 101, 297, 0, 0, 0
137, 89, 297, 188, 101, 297, 0, 0, 0
138, 89, 297, 188, 101, 297, 0, 0, 0
139, 89, 297, 188, 101, 297, 0, 0, 0
140, 89, 297, 188, 101, 297, 0, 0, 0
141, 89, 297, 188, 101, 297, 0, 0, 0
142, 89, 297, 188, 101, 297, 0, 0, 0
143, 89, 297, 188, 101, 297, 0, 0, 0
144, 89, 297, 188, 101, 297, 0, 0, 0
145, 89, 297, 188, 101, 297, 0, 0, 0
146, 89, 297, 188, 101, 297, 0, 0, 0
147, 89, 297, 188, 101, 297, 0, 0, 0
148, 89, 297, 188, 101, 297, 0, 0, 0
149, 89, 297, 188, 101, 297, 0, 0, 0
150, 89, 297, 188, 101, 297, 0, 0, 0
151, 89, 297, 188, 101, 297, 0, 0, 0
152, 89, 297, 188, 101, 297, 0, 0, 0
153, 89, 297, 188, 101, 297, 0, 0, 0
154, 89, 297, 188, 101, 297, 0, 0, 0
155, 89, 297, 188, 101, 297, 0, 0, 0
156, 89, 297, 188, 101, 297, 0, 0, 0
157, 89, 297, 188, 101, 297, 0, 0, 0
158, 89, 297, 188, 101, 297, 0, 0, 0
159, 89, 297, 188, 101, 297, 0, 0, 0
160, 89, 297, 188, 101, 297, 0, 0, 0
161, 89, 297, 188, 101, 297, 0, 0, 0
162, 89, 297, 188, 101, 297, 0, 0, 0
163, 89, 297, 188, 101, 297, 0, 0, 0
164, 89, 297, 188, 101, 297, 0, 0, 0
165, 89, 297, 188, 101, 297, 0, 0, 0
166, 89, 297, 188, 101, 297, 0, 0, 0
167, 89, 297, 188, 101, 297, 0, 0, 0
168, 89, 297, 188, 101, 297, 0, 0, 0
169, 89, 297, 188, 101, 297, 0, 0, 0
170, 89, 297, 188, 101, 297, 0, 0, 0
171, 89, 297, 188, 101, 297, 0, 0, 0
172, 89, 297, 188, 101, 297, 0, 0, 0
173, 89, 297, 188, 101, 297, 0, 0, 0
174, 89, 297, 188, 101, 297, 0, 0, 0
175, 89, 297, 188, 101, 297, 0, 0, 0
176, 89, 297, 188, 101, 297, 0, 0, 0
177, 89, 297, 188, 101, 297, 0, 0, 0
178, 89, 297, 188, 101, 297, 0, 0, 0
179, 89, 297, 188, 101, 297, 0, 0, 0
180, 89, 297, 188, 101, 297, 0, 0, 0
181, 89, 297, 188, 101, 297, 0, 0, 0
182, 89, 297, 188, 101, 297, 0, 0, 0
183, 89, 297, 188, 101, 297, 0, 0, 0
184, 89, 297, 188, 101, 297, 0, 0, 0
185, 89, 297, 188, 101, 297, 0, 0, 0
186, 89, 297, 188, 101, 297, 0, 0, 0
187, 89, 297, 188, 101, 297, 0, 0, 0
188, 89, 297, 188, 101, 297, 0, 0, 0
189, 89, 297, 188, 101, 297, 0, 0, 0
190, 89, 297, 188, 101, 297, 0, 0, 0
191, 89, 297, 188, 101, 297, 0, 0, 0
192, 89, 297, 188, 101, 297, 0, 0, 0
193, 89, 297, 188, 101, 297, 0, 0, 0
194, 89, 297, 188, 101, 297, 0, 0, 0
195, 89, 297, 188, 101, 297, 0, 0, 0
196, 89, 297, 188, 101, 297, 0, 0, 0
197, 89, 297, 188, 101, 297, 0, 0, 0
198, 89, 297, 188, 101, 297, 0, 0, 0
199, 89, 297, 188, 101, 297, 0, 0, 0
200, 89, 297, 188, 101, 297, 0, 0, 0
201, 89, 297, 188, 101, 297, 0, 0, 0
202, 89, 297, 188, 101, 297, 0, 0, 0
203, 89, 297, 188, 101, 297, 0, 0, 0
204, 89, 297, 188, 101, 297, 0, 0, 0
205, 89, 297, 188, 101, 297, 0, 0, 0
206, 89, 297, 188, 101, 297, 0, 0, 0
207, 89, 297, 188, 101, 297, 0, 0, 0
208, 89, 297, 188, 101, 297, 0, 0, 0
209, 89, 297, 188, 101, 297, 0, 0, 0
210, 89, 297, 188, 101, 297, 0, 0, 0
211, 89, 297, 188, 101, 297, 0, 0, 0
212, 89, 297, 188, 101, 297, 0, 0, 0
213, 89, 297, 188, 101, 297, 0, 0, 0
214, 89, 297, 188, 101, 297, 0, 0, 0
215, 89, 297, 188, 101, 297, 0, 0, 0
216, 89, 297, 188, 101, 297, 0, 0, 0
217, 89, 297, 188, 101, 297, 0, 0, 0
218, 89, 297, 188, 101, 297, 0, 0, 0
219, 89, 297, 188, 101, 297, 0, 0, 0
220, 89, 297, 188, 101, 297, 0, 0, 0
221, 89, 297, 188, 101, 297, 0, 0, 0
222, 89, 297, 188, 101, 297, 0, 0, 0
223, 89, 297, 188, 101, 297, 0, 0, 0
224, 89, 297, 188, 101, 297, 0, 0, 0
225, 89, 297, 188, 101, 297, 0, 0, 0
226, 89, 297, 188, 101, 297, 0, 0, 0
227, 89, 297, 188, 101, 297, 0, 0, 0
228, 89, 297, 188, 101, 297, 0, 0, 0
229, 89, 297, 188, 101, 297, 0, 0, 0
230, 89, 297, 188, 101, 297, 0, 0, 0
231, 89, 297, 188, 101, 297, 0, 0, 0
232, 89, 297, 188, 101, 297, 0, 0, 0
233, 89, 297, 188, 101, 297, 0, 0, 0
234, 89, 297, 188, 101, 297, 0, 0, 0
235, 89, 297, 188, 101, 297, 0, 0, 0
236, 89, 297, 188, 101, 297, 0, 0, 0
237, 89, 297, 188, 101, 297, 0, 0, 0
238, 89, 297, 188, 101, 297, 0, 0, 0
239, 89, 297, 188, 101, 297, 0, 0, 0
240, 89, 297, 188, 101, 297, 0, 0, 0
241, 89, 297, 188, 101, 297, 0, 0, 0
242, 89, 297, 188, 101, 297, 0, 0, 0
243, 89, 297, 188, 101, 297, 0, 0, 0
244, 89, 297, 188, 101, 297, 0, 0, 0
245, 89, 297, 188, 101, 297, 0, 0, 0
246, 89, 297, 188, 101, 297, 0, 0, 0
247, 89, 297, 188, 101, 297, 0, 0, 0
248, 89, 297, 188, 101, 297, 0, 0, 0
249, 89, 297, 188, 101, 297, 0, 0, 0
250, 89, 297, 188, 101, 297, 0, 0, 0
251, 89, 297, 188, 101, 297, 0, 0, 0
252, 89, 297, 188, 101, 297, 0, 0, 0
253, 89, 297, 188, 101, 297, 0, 0, 0
254, 89, 297, 188, 101, 297, 0, 0, 0
255, 89, 297, 188, 101, 297, 0, 0, 0
256, 89, 297, 188, 101, 297, 0, 0, 0
257, 89, 297, 188, 101, 297, 0, 0, 0
258, 89, 297, 188, 101, 297, 0, 0, 0
259, 89, 297, 188, 101, 297, 0, 0, 0
260, 89, 297, 188, 101, 297, 0, 0, 0
261, 89, 297, 188, 101, 297, 0, 0, 0
262, 89, 297, 188, 101, 297, 0, 0, 0
263, 89, 297, 188, 101, 297, 0, 0, 0
264, 89, 297, 188, 101, 297, 0, 0, 0
265, 89, 297, 188, 101, 297, 0, 0, 0
266, 89, 297, 188, 101, 297, 0, 0, 0
267, 89, 297, 188, 101, 297, 0, 0, 0
268, 89, 297, 188, 101, 297, 0, 0, 0
269, 89, 297, 188, 101, 297, 0, 0, 0
270, 89, 297, 188, 101, 297, 0, 0, 0
271, 89, 297, 188, 101, 297, 0, 0, 0
272, 89, 297, 188, 101, 297, 0, 0, 0
273, 89, 297, 188, 101, 297, 0, 0, 0
274, 89, 297, 188, 101, 297, 0, 0, 0
275, 89, 297, 188, 101, 297, 0, 0, 0
276, 89, 297, 188, 101, 297, 0, 0, 0
277, 89, 297, 188, 101, 297, 0, 0, 0
278, 89, 297, 188, 101, 297, 0, 0, 0
279, 89, 297, 188, 101, 297, 0, 0, 0
280, 89, 297, 188, 101, 297, 0, 0, 0
281, 89, 297, 188, 101, 297, 0, 0, 0
282, 89, 297, 188, 101, 297, 0, 0, 0
283, 89, 297, 188, 101, 297, 0, 0, 0
284, 89, 297, 188, 101, 297, 0, 0, 0
285, 89, 297, 188, 101, 297, 0, 0, 0
286, 89, 297, 188, 101, 297, 0, 0, 0
287, 89, 297, 188, 101, 297, 0, 0, 0
288, 89, 297, 188, 101, 297, 0, 0, 0
289, 89, 297, 188, 101, 297, 0, 0, 0
290, 89, 297, 188, 101, 297, 0, 0, 0
291, 89, 297, 188, 101, 297, 0, 0, 0
292, 89, 297, 188, 101, 297, 0, 0, 0
293, 89, 297, 188, 101, 297, 0, 0, 0
294, 89, 297, 188, 101, 297, 0, 0, 0
295, 89, 297, 188, 101, 297, 0, 0, 0
296, 89, 297, 188, 101, 297, 0, 0, 0
297, 89, 297, 188, 101, 297, 0, 0, 0
298, 89, 297, 188, 101, 297, 0, 0, 0
299, 89, 297, 188, 101, 297, 0, 0, 0
300, 89, 297, 188, 101, 297, 0, 0, 0
301, 89, 297, 188, 101, 297, 0, 0, 0
302, 89, 297, 188, 101, 297, 0, 0, 0
303, 89, 297, 188, 101, 297, 0, 0, 0
304, 89, 297, 188, 101, 297, 0, 0, 0
305, 89, 297, 188, 101, 297, 0, 0, 0
306, 89, 297, 188, 101, 297, 0, 0, 0
307, 89, 297, 188, 101, 297, 0, 0, 0
308, 89, 297, 188, 101, 297, 0, 0, 0
309, 89, 297, 188, 101, 297, 0, 0, 0
310, 89, 297, 188, 101, 297, 0, 0, 0
311, 89, 297, 188, 101, 297, 0, 0, 0
312, 89, 297, 188, 101, 297, 0, 0, 0
313, 89, 297, 188, 101, 297, 0, 0, 0
314, 89, 297, 188, 101, 297, 0, 0, 0
315, 89, 297, 188, 101, 297, 0, 0, 0
316, 89, 297, 188, 101, 297, 0, 0, 0
317, 89, 297, 188, 101, 297, 0, 0, 0
318, 89, 297, 188, 101, 297, 0, 0, 0
319, 89, 297, 188, 101, 297, 0, 0, 0
320, 89, 297, 188, 101, 297, 0, 0, 0
321, 89, 297, 188, 101, 297, 0, 0, 0
322, 89, 297, 188, 101, 297, 0, 0, 0
323, 89, 297, 188, 101, 297, 0, 0, 0
324, 89, 297, 188, 101, 297, 0, 0, 0
325, 89, 297, 188, 101, 297, 0, 0, 0
326, 89, 297, 188, 101, 297, 0, 0, 0
327, 89, 297, 188, 101, 297, 0, 0, 0
328, 89, 297, 188, 101, 297, 0, 0, 0
329, 89, 297, 188, 101, 297, 0, 0, 0
330, 89, 297, 188, 101, 297, 0, 0, 0
331, 89, 297, 188, 101, 297, 0, 0, 0
332, 89, 297, 188, 101, 297, 0, 0, 0
333, 89, 297, 188, 101, 297, 0, 0, 0
334, 89, 297, 188, 101, 297, 0, 0, 0
335, 89, 297, 188, 101, 297, 0, 0, 0
336, 89, 297, 188, 101, 297, 0, 0, 0
337, 89, 297, 188, 101, 297, 0, 0, 0
338, 89, 297, 188, 101, 297, 0, 0, 0
339, 89, 297, 188, 101, 297, 0, 0, 0
340, 89, 297, 188, 101, 297, 0, 0, 0
341, 89, 297, 188, 101, 297, 0, 0, 0
342, 89, 297, 188, 101, 297, 0, 0, 0
343, 89, 297, 188, 101, 297, 0, 0, 0
344, 89, 297, 188, 101, 297, 0, 0, 0
345, 89, 297, 188, 101, 297, 0, 0, 0
346, 89, 297, 188, 101, 297, 0, 0, 0
347, 89, 297, 188, 101, 297, 0, 0, 0
348, 89, 297, 188, 101, 297, 0, 0, 0
349, 89, 297, 188, 101, 297, 0, 0, 0
350, 89, 297, 188, 101, 297, 0, 0, 0
351, 89, 297, 188, 101, 297, 0, 0, 0
352, 89, 297, 188, 101, 297, 0, 0, 0
353, 89, 297, 188, 101, 297, 0, 0, 0
354, 89, 297, 188, 101, 297, 0, 0, 0
355, 89, 297, 188, 101, 297, 0, 0, 0
356, 89, 297, 188, 101, 297, 0, 0, 0
357, 89, 297, 188, 101, 297, 0, 0, 0
358, 89, 297, 188, 101, 297, 0, 0, 0
359, 89, 297, 188, 101, 297, 0, 0, 0
360, 89, 297, 188, 101, 297, 0, 0, 0
361, 89, 297, 188, 101, 297, 0, 0, 0
362, 89, 297, 188, 101, 297, 0, 0, 0
363, 89, 297, 188, 101, 297, 0, 0, 0
364, 89, 297, 188, 101, 297, 0, 0, 0
365, 89, 297, 188, 101, 297, 0, 0, 0
366, 89, 297, 188, 101, 297, 0, 0, 0
367, 89, 297, 188, 101, 297, 0, 0, 0
368, 89, 297, 188, 101, 297, 0, 0, 0
369, 89, 297, 188, 101, 297, 0, 0, 0
370, 89, 297, 188, 101, 297, 0, 0, 0
371, 89, 297, 188, 101, 297, 0, 0, 0
372, 89, 297, 188, 101, 297, 0, 0, 0
373, 89, 297, 188, 101, 297, 0, 0, 0
374, 89, 297, 188, 101, 297, 0, 0, 0
375, 89, 297, 188, 101, 297, 0, 0, 0
376, 89, 297, 188, 101, 297, 0, 0, 0
377, 89, 297, 188, 101, 297, 0, 0, 0
378, 89, 297, 188, 101, 297, 0, 0, 0
379, 89, 297, 188, 101, 297, 0, 0, 0
380, 89, 297, 188, 101, 297, 0, 0, 0
381, 89, 297, 188, 101, 297, 0, 0, 0
382, 89, 297, 188, 101, 297, 0, 0, 0
383, 89, 297, 188, 101, 297, 0, 0, 0
384, 89, 297, 188, 101, 297, 0, 0, 0
385, 89, 297, 188, 101, 297, 0, 0, 0
386, 89, 297, 188, 101, 297, 0, 0, 0
387, 89, 297, 188, 101, 297, 0, 0, 0
388, 89, 297, 188, 101, 297, 0, 0, 0
389, 89, 297, 188, 101, 297, 0, 0, 0
390, 89, 297, 188, 101, 297, 0, 0, 0
391, 89, 297, 188, 101, 297, 0, 0, 0
392, 89, 297, 188, 101, 297, 0, 0, 0
393, 89, 297, 188, 101, 297, 0, 0, 0
394, 89, 297, 188, 101, 297, 0, 0, 0
395, 89, 297, 188, 101, 297, 0, 0, 0
396, 89, 297, 188, 101, 297, 0, 0, 0
397, 89, 297, 188, 101, 297, 0, 0, 0
398, 89, 297, 188, 101, 297, 0, 0, 0
399, 89, 297, 188, 101, 297, 0, 0, 0
400, 89, 297, 188, 101, 297, 0, 0, 0
401, 89, 297, 188, 101, 297, 0, 0, 0
402, 89, 297, 188, 101, 297, 0, 0, 0
403, 89, 297, 188, 101, 297, 0, 0, 0
404, 89, 297, 188, 101, 297, 0, 0, 0
405, 89, 297, 188, 101, 297, 0, 0, 0
406, 89, 297, 188, 101, 297, 0, 0, 0
407, 89, 297, 188, 101, 297, 0, 0, 0
408, 89, 297, 188, 101, 297, 0, 0, 0
409, 89, 297, 188, 101, 297, 0, 0, 0
410, 89, 297, 188, 101, 297, 0, 0, 0
411, 89, 297, 188, 101, 297, 0, 0, 0
412, 89, 297, 188, 101, 297, 0, 0, 0
413, 89, 297, 188, 101, 297, 0, 0, 0
414, 89, 297, 188, 101, 297, 0, 0, 0
415, 89, 297, 188, 101, 297, 0, 0, 0
416, 89, 297, 188, 101, 297, 0, 0, 0
417, 89, 297, 188, 101, 297, 0, 0, 0
418, 89, 297, 188, 101, 297, 0, 0, 0
419, 89, 297, 188, 101, 297, 0, 0, 0
420, 89, 297, 188, 101, 297, 0, 0, 0
421, 89, 297, 188, 101, 297, 0, 0, 0
422, 89, 297, 188, 101, 297, 0, 0, 0
423, 89, 297, 188, 101, 297, 0, 0, 0
424, 89, 297, 188, 101, 297, 0, 0, 0
425, 89, 297, 188, 101, 297, 0, 0, 0
426, 89, 297, 188, 101, 297, 0, 0, 0
427, 89, 297, 188, 101, 297, 0, 0, 0
428, 89, 297, 188, 101, 297, 0, 0, 0
429, 89, 297, 188, 101, 297, 0, 0, 0
430, 89, 297, 188, 101, 297, 0, 0, 0
431, 89, 297, 188, 101, 297, 0, 0, 0
432, 89, 297, 188, 101, 297, 0, 0, 0
433, 89, 297, 188, 101, 297, 0, 0, 0
434, 89, 297, 188, 101, 297, 0, 0, 0
435, 89, 297, 188, 101, 297, 0, 0, 0
436, 89, 297, 188, 101, 297, 0, 0, 0
437, 89, 297, 188, 101, 297, 0, 0, 0
438, 89, 297, 188, 101, 297, 0, 0, 0
439, 89, 297, 188, 101, 297, 0, 0, 0
440, 89, 297, 188, 101, 297, 0, 0, 0
441, 89, 297, 188, 101, 297, 0, 0, 0
442, 89, 297, 188, 101, 297, 0, 0, 0
443, 89, 297, 188, 101, 297, 0, 0, 0
444, 89, 297, 188, 101, 297, 0, 0, 0
445, 89, 297, 188, 101, 297, 0, 0, 0
446, 89, 297, 188, 101, 297, 0, 0, 0
447, 89, 297, 188, 101, 297, 0, 0, 0
448, 89, 297, 188, 101, 297, 0, 0, 0
449, 89, 297, 188, 101, 297, 0, 0, 0
450, 89, 297, 188, 101, 297, 0, 0, 0
451, 89, 297, 188, 101, 297, 0, 0, 0
452, 89, 297, 188, 101, 297, 0, 0, 0
453, 89, 297, 188, 101, 297, 0, 0, 0
454, 89, 297, 188, 101, 297, 0, 0, 0
455, 89, 297, 188, 101, 297, 0, 0, 0
456, 89, 297, 188, 101, 297, 0, 0, 0
457, 89, 297, 188, 101, 297, 0, 0, 0
458, 89, 297, 188, 101, 297, 0, 0, 0
459, 89, 297, 188, 101, 297, 0, 0, 0
460, 89, 297, 188, 101, 297, 0, 0, 0
461, 89, 297, 188, 101, 297, 0, 0, 0
462, 89, 297, 188, 101, 297, 0, 0, 0
463, 89, 297, 188, 101, 297, 0, 0, 0
464, 89, 297, 188, 101, 297, 0, 0, 0
465, 89, 297, 188, 101, 297, 0, 0, 0
466, 89, 297, 188, 101, 297, 0, 0, 0
467, 89, 297, 188, 101, 297, 0, 0, 0
468, 89, 297, 188, 101, 297, 0, 0, 0
469, 89, 297, 188, 101, 297, 0, 0, 0
470, 89, 297, 188, 101, 297, 0, 0, 0
471, 89, 297, 188, 101, 297, 0, 0, 0
472, 89, 297, 188, 101, 297, 0, 0, 0
473, 89, 297, 188, 101, 297, 0, 0, 0
474, 89, 297, 188, 101, 297, 0, 0, 0
475, 89, 297, 188, 101, 297, 0, 0, 0
476, 89, 297, 188, 101, 297, 0, 0, 0
477, 89, 297, 188, 101, 297, 0, 0, 0
478, 89, 297, 188, 101, 297, 0, 0, 0
479, 89, 297, 188, 101, 297, 0, 0, 0
480, 89, 297, 188, 101, 297, 0, 0, 0
481, 89, 297, 188, 101, 297, 0, 0, 0
482, 89, 297, 188, 101, 297, 0, 0, 0
483, 89, 297, 188, 101, 297, 0, 0, 0
484, 89, 297, 188, 101, 297, 0, 0, 0
485, 89, 297, 188, 101, 297, 0, 0, 0
486, 89, 297, 188, 101, 297, 0, 0, 0
487, 89, 297, 188, 101, 297, 0, 0, 0
488, 89, 297, 188, 101, 297, 0, 0, 0
489, 89, 297, 188, 101, 297, 0, 0, 0
490, 89, 297, 188, 101, 297, 0, 0, 0
491, 89, 297, 188, 101, 297, 0, 0, 0
492, 89, 297, 188, 101, 297, 0, 0, 0
493, 89, 297, 188, 101, 297, 0, 0, 0
494, 89, 297, 188, 101, 297, 0, 0, 0
495, 89, 297, 188, 101, 297, 0, 0, 0
496, 89, 297, 188, 101, 297, 0, 0, 0
497, 89, 297, 188, 101, 297, 0, 0, 0
498, 89, 297, 188, 101, 297, 0, 0, 0
499, 89, 297, 188, 101, 297, 0, 0, 0
500, 89, 297, 188, 101, 297, 0, 0, 0
501, 89, 297, 188, 101, 297, 0, 0, 0
502, 89, 297, 188, 101, 297, 0, 0, 0
503, 89, 297, 188, 101, 297, 0, 0, 0
504, 89, 297, 188, 101, 297, 0, 0, 0
505, 89, 297, 188, 101, 297, 0, 0, 0
506, 89, 297, 188, 101, 297, 0, 0, 0
507, 89, 297, 188, 101, 297, 0, 0, 0
508, 89, 297, 188, 101, 297, 0, 0, 0
509, 89, 297, 188, 101, 297, 0, 0, 0
510, 89, 297, 188, 101, 297, 0, 0, 0
511, 89, 297, 188, 101, 297, 0, 0, 0
512, 89, 297, 188, 101, 297, 0, 0, 0
513, 89, 297, 188, 101, 297, 0, 0, 0
514, 89, 297, 188, 101, 297, 0, 0, 0
515, 89, 297, 188, 101, 297, 0, 0, 0
516, 89, 297, 188, 101, 297, 0, 0, 0
517, 89, 297, 188, 101, 297, 0, 0, 0
518, 89, 297, 188, 101, 297, 0, 0, 0
519, 89, 297, 188, 101, 297, 0, 0, 0
520, 89, 297, 188, 101, 297, 0, 0, 0
521, 89, 297, 188, 101, 297, 0, 0, 0
522, 89, 297, 188, 101, 297, 0, 0, 0
523, 89, 297, 188, 101, 297, 0, 0, 0
524, 89, 297, 188, 101, 297, 0, 0, 0
525, 89, 297, 188, 101, 297, 0, 0, 0
526, 89, 297, 188, 101, 297, 0, 0, 0
527, 89, 297, 188, 101, 297, 0, 0, 0
528, 89, 297, 188, 101, 297, 0, 0, 0
529, 89, 297, 188, 101, 297, 0, 0, 0
530, 89, 297, 188, 101, 297, 0, 0, 0
531, 89, 297, 188, 101, 297, 0, 0, 0
532, 89, 297, 188, 101, 297, 0, 0, 0
533, 89, 297, 188, 101, 297, 0, 0, 0
534, 89, 297, 188, 101, 297, 0, 0, 0
535, 89, 297, 188, 101, 297, 0, 0, 0
536, 89, 297, 188, 101, 297, 0, 0, 0
537, 89, 297, 188, 101, 297, 0, 0, 0
538, 89, 297, 188, 101, 297, 0, 0, 0
539, 89, 297, 188, 101, 297, 0, 0, 0
540, 89, 297, 188, 101, 297, 0, 0, 0
541, 89, 297, 188, 101, 297, 0, 0, 0
542, 89, 297, 188, 101, 297, 0, 0, 0
543, 89, 297, 188, 101, 297, 0, 0, 0
544, 89, 297, 188, 101, 297, 0, 0, 0
545, 89, 297, 188, 101, 297, 0, 0, 0
546, 89, 297, 188, 101, 297, 0, 0, 0
547, 89, 297, 188, 101, 297, 0, 0, 0
548, 89, 297, 188, 101, 297, 0, 0, 0
549, 89, 297, 188, 101, 297, 0, 0, 0
550, 89, 297, 188, 101, 297, 0, 0, 0
551, 89, 297, 188, 101, 297, 0, 0, 0
552, 89, 297, 188, 101, 297, 0, 0, 0
553, 89, 297, 188, 101, 297, 0, 0, 0
554, 89, 297, 188, 101, 297, 0, 0, 0
555, 89, 297, 188, 101, 297, 0, 0, 0
556, 89, 297, 188, 101, 297, 0, 0, 0
557, 89, 297, 188, 101, 297, 0, 0, 0
558, 89, 297, 188, 101, 297, 0, 0, 0
559, 89, 297, 188, 101, 297, 0, 0, 0
560, 89, 297, 188, 101, 297, 0, 0, 0
561, 89, 297, 188, 101, 297, 0, 0, 0
562, 89, 297, 188, 101, 297, 0, 0, 0
563, 89, 297, 188, 101, 297, 0, 0, 0
564, 89, 297, 188, 101, 297, 0, 0, 0
565, 89, 297, 188, 101, 297, 0, 0, 0
566, 89, 297, 188, 101, 297, 0, 0, 0
567, 89, 297, 188, 101, 297, 0, 0, 0
568, 89, 297, 188, 101, 297, 0, 0, 0
569, 89, 297, 188, 101, 297, 0, 0, 0
570, 89, 297, 188, 101, 297, 0, 0, 0
571, 89, 297, 188, 101, 297, 0, 0, 0
572, 89, 297, 188, 101, 297, 0, 0, 0
573, 89, 297, 188, 101, 297, 0, 0, 0
574, 89, 297, 188, 101, 297, 0, 0, 0
575, 89, 297, 188, 101, 297, 0, 0, 0
576, 89, 297, 188, 101, 297, 0, 0, 0
577, 89, 297, 188, 101, 297, 0, 0, 0
578, 89, 297, 188, 101, 297, 0, 0, 0
579, 89, 297, 188, 101, 297, 0, 0, 0
580, 89, 297, 188, 101, 297, 0, 0, 0
581, 89, 297, 188, 101, 297, 0, 0, 0
582, 89, 297, 188, 101, 297, 0, 0, 0
583, 89, 297, 188, 101, 297, 0, 0, 0
584, 89, 297, 188, 101, 297, 0, 0, 0
585, 89, 297, 188, 101, 297, 0, 0, 0
586, 89, 297, 188, 101, 297, 0, 0, 0
587, 89, 297, 188, 101, 297, 0, 0, 0
588, 89, 297, 188, 101, 297, 0, 0, 0
589, 89, 297, 188, 101, 297, 0, 0, 0
590, 89, 297, 188, 101, 297, 0, 0, 0
591, 89, 297, 188, 101, 297, 0, 0, 0
592, 89, 297, 188, 101, 297, 0, 0, 0
593, 89, 297, 188, 101, 297, 0, 0, 0
594, 89, 297, 188, 101, 297, 0, 0, 0
595, 89, 297, 188, 101, 297, 0, 0, 0
596, 89, 297, 188, 101, 297, 0, 0, 0
597, 89, 297, 188, 101, 297, 0, 0, 0
598, 89, 297, 188, 101, 297, 0, 0, 0
599, 89, 297, 188, 101, 297, 0, 0, 0
600, 89, 297, 188, 101, 297, 0, 0, 0
601, 89, 297, 188, 101, 297, 0, 0, 0
602, 89, 297, 188, 101, 297, 0, 0, 0
603, 89, 297, 188, 101, 297, 0, 0, 0
604, 89, 297, 188, 101, 297, 0, 0, 0
605, 89, 297, 188, 101, 297, 0, 0, 0
606, 89, 297, 188, 101, 297, 0, 0, 0
607, 89, 297, 188, 101, 297, 0, 0, 0
608, 89, 297, 188, 101, 297, 0, 0, 0
609, 89, 297, 188, 101, 297, 0, 0, 0
610, 89, 297, 188, 101, 297, 0, 0, 0
611, 89, 297, 188, 101, 297, 0, 0, 0
612, 89, 297, 188, 101, 297, 0, 0, 0
613, 89, 297, 188, 101, 297, 0, 0, 0
614, 89, 297, 188, 101, 297, 0, 0, 0
615, 89, 297, 188, 101, 297, 0, 0, 0
616, 89, 297, 188, 101, 297, 0, 0, 0
617, 89, 297, 188, 101, 297, 0, 0, 0
618, 89, 297, 188, 101, 297, 0, 0, 0
619, 89, 297, 188, 101, 297, 0, 0, 0
620, 89, 297, 188, 101, 297, 0, 0, 0
621, 89, 297, 188, 101, 297, 0, 0, 0
622, 89, 297, 188, 101, 297, 0, 0, 0
623, 89, 297, 188, 101, 297, 0, 0, 0
624, 89, 297, 188, 101, 297, 0, 0, 0
625, 89, 297, 188, 101, 297, 0, 0, 0
626, 89, 297, 188, 101, 297, 0, 0, 0
627, 89, 297, 188, 101, 297, 0, 0, 0
628, 89, 297, 188, 101, 297, 0, 0, 0
629, 89, 297, 188, 101, 297, 0, 0, 0
630, 89, 297, 188, 101, 297, 0, 0, 0
631, 89, 297, 188, 101, 297, 0, 0, 0
632, 89, 297, 188, 101, 297, 0, 0, 0
633, 89, 297, 188, 101, 297, 0, 0, 0
634, 89, 297, 188, 101, 297, 0, 0, 0
635, 89, 297, 188, 101, 297, 0, 0, 0
636, 89, 297, 188, 101, 297, 0, 0, 0
637, 89, 297, 188, 101, 297, 0, 0, 0
638, 89, 297, 188, 101, 297, 0, 0, 0
639, 89, 297, 188, 101, 297, 0, 0, 0
640, 89, 297, 188, 101, 297, 0, 0, 0
641, 89, 297, 188, 101, 297, 0, 0, 0
642, 89, 297, 188, 101, 297, 0, 0, 0
643, 89, 297, 188, 101, 297, 0, 0, 0
644, 89, 297, 188, 101, 297, 0, 0, 0
645, 89, 297, 188, 101, 297, 0, 0, 0
646, 89, 297, 188, 101, 297, 0, 0, 0
647, 89, 297, 188, 101, 297, 0, 0, 0
648, 89, 297, 188, 101, 297, 0, 0, 0
649, 89, 297, 188, 101, 297, 0, 0, 0
650, 89, 297, 188, 101, 297, 0, 0, 0
651, 89, 297, 188, 101, 297, 0, 0, 0
652, 89, 297, 188, 101, 297, 0, 0, 0
653, 89, 297, 188, 101, 297, 0, 0, 0
654, 89, 297, 188, 101, 297, 0, 0, 0
655, 89, 297, 188, 101, 297, 0, 0, 0
656, 89, 297, 188, 101, 297, 0, 0, 0
657, 89, 297, 188, 101, 297, 0, 0, 0
658, 89, 297, 188, 101, 297, 0, 0, 0
659, 89, 297, 188, 101, 297, 0, 0, 0
660, 89, 297, 188, 101, 297, 0, 0, 0
661, 89, 297, 188, 101, 297, 0, 0, 0
662, 89, 297, 188, 101, 297, 0, 0, 0
663, 89, 297, 188, 101, 297, 0, 0, 0
664, 89, 297, 188, 101, 297, 0, 0, 0
665, 89, 297, 188, 101, 297, 0, 0, 0
666, 89, 297, 188, 101, 297, 0, 0, 0
667, 89, 297, 188, 101, 297, 0, 0, 0
668, 89, 297, 188, 101, 297, 0, 0, 0
669, 89, 297, 188, 101, 297, 0, 0, 0
670, 89, 297, 188, 101, 297, 0, 0, 0
671, 89, 297, 188, 101, 297, 0, 0, 0
672, 89, 297, 188, 101, 297, 0, 0, 0
673, 89, 297, 188, 101, 297, 0, 0, 0
674, 89, 297, 188, 101, 297, 0, 0, 0
675, 89, 297, 188, 101, 297, 0, 0, 0
676, 89, 297, 188, 101, 297, 0, 0, 0
677, 89, 297, 188, 101, 297, 0, 0, 0
678, 89, 297, 188, 101, 297, 0, 0, 0
679, 89, 297, 188, 101, 297, 0, 0, 0
680, 89, 297, 188, 101, 297, 0, 0, 0
681, 89, 297, 188, 101, 297, 0, 0, 0
682, 89, 297, 188, 101, 297, 0, 0, 0
683, 89, 297, 188, 101, 297, 0, 0, 0
684, 89, 297, 188, 101, 297, 0, 0, 0
685, 89, 297, 188, 101, 297, 0, 0, 0
686, 89, 297, 188, 101, 297, 0, 0, 0
687, 89, 297, 188, 101, 297, 0, 0, 0
688, 89, 297, 188, 101, 297, 0, 0, 0
689, 89, 297, 188, 101, 297, 0, 0, 0
690, 89, 297, 188, 101, 297, 0, 0, 0
691, 89, 297, 188, 101, 297, 0, 0, 0
692, 89, 297, 188, 101, 297, 0, 0, 0
693, 89, 297, 188, 101, 297, 0, 0, 0
694, 89, 297, 188, 101, 297, 0, 0, 0
695, 89, 297, 188, 101, 297, 0, 0, 0
696, 89, 297, 188, 101, 297, 0, 0, 0
697, 89, 297, 188, 101, 297, 0, 0, 0
698, 89, 297, 188, 101, 297, 0, 0, 0
699, 89, 297, 188, 101, 297, 0, 0, 0
700, 89, 297, 188, 101, 297, 0, 0, 0
701, 89, 297, 188, 101, 297, 0, 0, 0
702, 89, 297, 188, 101, 297, 0, 0, 0
703, 89, 297, 188, 101, 297, 0, 0, 0
704, 89, 297, 188, 101, 297, 0, 0, 0
705, 89, 297, 188, 101, 297, 0, 0, 0
706, 89, 297, 188, 101, 297, 0, 0, 0
707, 89, 297, 188, 101, 297, 0, 0, 0
708, 89, 297, 188, 101, 297, 0, 0, 0
709, 89, 297, 188, 101, 297, 0, 0, 0
710, 89, 297, 188, 101, 297, 0, 0, 0
711, 89, 297, 188, 101, 297, 0, 0, 0
712, 89, 297, 188, 101, 297, 0, 0, 0
713, 89, 297, 188, 101, 297, 0, 0, 0
714, 89, 297, 188, 101, 297, 0, 0, 0
715, 89, 297, 188, 101, 297, 0, 0, 0
716, 89, 297, 188, 101, 297, 0, 0, 0
717, 89, 297, 188, 101, 297, 0, 0, 0
718, 89, 297, 188, 101, 297, 0, 0, 0
719, 89, 297, 188, 101, 297, 0, 0, 0
720, 89, 297, 188, 101, 297, 0, 0, 0
721, 89, 297, 188, 101, 297, 0, 0, 0
722, 89, 297, 188, 101, 297, 0, 0, 0
723, 89, 297, 188, 101, 297, 0, 0, 0
724, 89, 297, 188, 101, 297, 0, 0, 0
725, 89, 297, 188, 101, 297, 0, 0, 0
726, 89, 297, 188, 101, 297, 0, 0, 0
727, 89, 297, 188, 101, 297, 0, 0, 0
728, 89, 297, 188, 101, 297, 0, 0, 0
729, 89, 297, 188, 101, 297, 0, 0, 0
730, 89, 297, 188, 101, 297, 0, 0, 0
731, 89, 297, 188, 101, 297, 0, 0, 0
732, 89, 297, 188, 101, 297, 0, 0, 0
733, 89, 297, 188, 101, 297, 0, 0, 0
734, 89, 297, 188, 101, 297, 0, 0, 0
735, 89, 297, 188, 101, 297, 0, 0, 0
736, 89, 297, 188, 101, 297, 0, 0, 0
737, 89, 297, 188, 101, 297, 0, 0, 0
738, 89, 297, 188, 101, 297, 0, 0, 0
739, 89, 297, 188, 101, 297, 0, 0, 0
740, 89, 297, 188, 101, 297, 0, 0, 0
741, 89, 297, 188, 101, 297, 0, 0, 0
742, 89, 297, 188, 101, 297, 0, 0, 0
743, 89, 297, 188, 101, 297, 0, 0, 0
744, 89, 297, 188, 101, 297, 0, 0, 0
745, 89, 297, 188, 101, 297, 0, 0, 0
746, 89, 297, 188, 101, 297, 0, 0, 0
747, 89, 297, 188, 101, 297, 0, 0, 0
748, 89, 297, 188, 101, 297, 0, 0, 0
749, 89, 297, 188, 101, 297, 0, 0, 0
750, 89, 297, 188, 101, 297, 0, 0, 0
751, 89, 297, 188, 101, 297, 0, 0, 0
752, 89, 297, 188, 101, 297, 0, 0, 0
753, 89, 297, 188, 101, 297, 0, 0, 0
754, 89, 297, 188, 101, 297, 0, 0, 0
755, 89, 297, 188, 101, 297, 0, 0, 0
756, 89, 297, 188, 101, 297, 0, 0, 0
757, 89, 297, 188, 101, 297, 0, 0, 0
758, 89, 297, 188, 101, 297, 0, 0, 0
759, 89, 297, 188, 101, 297, 0, 0, 0
760, 89, 297, 188, 101, 297, 0, 0, 0
761, 89, 297, 188, 101, 297, 0, 0, 0
762, 89, 297, 188, 101, 297, 0, 0, 0
763, 89, 297, 188, 101, 297, 0, 0, 0
764, 89, 297, 188, 101, 297, 0, 0, 0
765, 89, 297, 188, 101, 297, 0, 0, 0
766, 89, 297, 188, 101, 297, 0, 0, 0
767, 89, 297, 188, 101, 297, 0, 0, 0
768, 89, 297, 188, 101, 297, 0, 0, 0
769, 89, 297, 188, 101, 297, 0, 0, 0
770, 89, 297, 188, 101, 297, 0, 0, 0
771, 89, 297, 188, 101, 297, 0, 0, 0
772, 89, 297, 188, 101, 297, 0, 0, 0
773, 89, 297, 188, 101, 297, 0, 0, 0
774, 89, 297, 188, 101, 297, 0, 0, 0
775, 89, 297, 188, 101, 297, 0, 0, 0
776, 89, 297, 188, 101, 297, 0, 0, 0
777, 89, 297, 188, 101, 297, 0, 0, 0
778, 89, 297, 188, 101, 297, 0, 0, 0
779, 89, 297, 188, 101, 297, 0, 0, 0
780, 89, 297, 188, 101, 297, 0, 0, 0
781, 89, 297, 188, 101, 297, 0, 0, 0
782, 89, 297, 188, 101, 297, 0, 0, 0
783, 89, 297, 188, 101, 297, 0, 0, 0
784, 89, 297, 188, 101, 297, 0, 0, 0
785, 89, 297, 188, 101, 297, 0, 0, 0
786, 89, 297, 188, 101, 297, 0, 0, 0
787, 89, 297, 188, 101, 297, 0, 0, 0
788, 89, 297, 188, 101, 297, 0, 0, 0
789, 89, 297, 188, 101, 297, 0, 0, 0
790, 89, 297, 188, 101, 297, 0, 0, 0
791, 89, 297, 188, 101, 297, 0, 0, 0
792, 89, 297, 188, 101, 297, 0, 0, 0
793, 89, 297, 188, 101, 297, 0, 0, 0
794, 89, 297, 188, 101, 297, 0, 0, 0
795, 89, 297, 188, 101, 297, 0, 0, 0
796, 89, 297, 188, 101, 297, 0, 0, 0
797, 89, 297, 188, 101, 297, 0, 0, 0
798, 89, 297, 188, 101, 297, 0, 0, 0
799, 89, 297, 188, 101, 297, 0, 0, 0
800, 89, 297, 188, 101, 297, 0, 0, 0
801, 89, 297, 188, 101, 297, 0, 0, 0
802, 89, 297, 188, 101, 297, 0, 0, 0
803, 89, 297, 188, 101, 297, 0, 0, 0
804, 89, 297, 188, 101, 297, 0, 0, 0
805, 89, 297, 188, 101, 297, 0, 0, 0
806, 89, 297, 188, 101, 297, 0, 0, 0
807, 89, 297, 188, 101, 297, 0, 0, 0
808, 89, 297, 188, 101, 297, 0, 0, 0
809, 89, 297, 188, 101, 297, 0, 0, 0
810, 89, 297, 188, 101, 297, 0, 0, 0
811, 89, 297, 188, 101, 297, 0, 0, 0
812, 89, 297, 188, 101, 297, 0, 0, 0
813, 89, 297, 188, 101, 297, 0, 0, 0
814, 89, 297, 188, 101, 297, 0, 0, 0
815, 89, 297, 188, 101, 297, 0, 0, 0
816, 89, 297, 188, 101, 297, 0, 0, 0
817, 89, 297, 188, 101, 297, 0, 0, 0
818, 89, 297, 188, 101, 297, 0, 0, 0
819, 89, 297, 188, 101, 297, 0, 0, 0
820, 89, 297, 188, 101, 297, 0, 0, 0
821, 89, 297, 188, 101, 297, 0, 0, 0
822, 89, 297, 188, 101, 297, 0, 0, 0
823, 89, 297, 188, 101, 297, 0, 0, 0
824, 89, 297, 188, 101, 297, 0, 0, 0
825, 89, 297, 188, 101, 297, 0, 0, 0
826, 89, 297, 188, 101, 297, 0, 0, 0
827, 89, 297, 188, 101, 297, 0, 0, 0
828, 89, 297, 188, 101, 297, 0, 0, 0
829, 89, 297, 188, 101, 297, 0, 0, 0
830, 89, 297, 188, 101, 297, 0, 0, 0
831, 89, 297, 188, 101, 297, 0, 0, 0
832, 89, 297, 188, 101, 297, 0, 0, 0
833, 89, 297, 188, 101, 297, 0, 0, 0
834, 89, 297, 188, 101, 297, 0, 0, 0
835, 89, 297, 188, 101, 297, 0, 0, 0
836, 89, 297, 188, 101, 297, 0, 0, 0
837, 89, 297, 188, 101, 297, 0, 0, 0
838, 89, 297, 188, 101, 297, 0, 0, 0
839, 89, 297, 188, 101, 297, 0, 0, 0
840, 89, 297, 188, 101, 297, 0, 0, 0
841, 89, 297, 188, 101, 297, 0, 0, 0
842, 89, 297, 188, 101, 297, 0, 0, 0
843, 89, 297, 188, 101, 297, 0, 0, 0
844, 89, 297, 188, 101, 297, 0, 0, 0
845, 89, 297, 188, 101, 297, 0, 0, 0
846, 89, 297, 188, 101, 297, 0, 0, 0
847, 89, 297, 188, 101, 297, 0, 0, 0
848, 89, 297, 188, 101, 297, 0, 0, 0
849, 89, 297, 188, 101, 297, 0, 0, 0
850, 89, 297, 188, 101, 297, 0, 0, 0
851, 89, 297, 188, 101, 297, 0, 0, 0
852, 89, 297, 188, 101, 297, 0, 0, 0
853, 89, 297, 188, 101, 297, 0, 0, 0
854, 89, 297, 188, 101, 297, 0, 0, 0
855, 89, 297, 188, 101, 297, 0, 0, 0
856, 89, 297, 188, 101, 297, 0, 0, 0
857, 89, 297, 188, 101, 297, 0, 0, 0
858, 89, 297, 188, 101, 297, 0, 0, 0
859, 89, 297, 188, 101, 297, 0, 0, 0
860, 89, 297, 188, 101, 297, 0, 0, 0
861, 89, 297, 188, 101, 297, 0, 0, 0
862, 89, 297, 188, 101, 297, 0, 0, 0
863, 89, 297, 188, 101, 297, 0, 0, 0
864, 89, 297, 188, 101, 297, 0, 0, 0
865, 89, 297, 188, 101, 297, 0, 0, 0
866, 89, 297, 188, 101, 297, 0, 0, 0
867, 89, 297, 188, 101, 297, 0, 0, 0
868, 89, 297, 188, 101, 297, 0, 0, 0
869, 89, 297, 188, 101, 297, 0, 0, 0
870, 89, 297, 188, 101, 297, 0, 0, 0
871, 89, 297, 188, 101, 297, 0, 0, 0
872, 89, 297, 188, 101, 297, 0, 0, 0
873, 89, 297, 188, 101, 297, 0, 0, 0
874, 89, 297, 188, 101, 297, 0, 0, 0
875, 89, 297, 188, 101, 297, 0, 0, 0
876, 89, 297, 188, 101, 297, 0, 0, 0
877, 89, 297, 188, 101, 297, 0, 0, 0
878, 89, 297, 188, 101, 297, 0, 0, 0
879, 89, 297, 188, 101, 297, 0, 0, 0
880, 89, 297, 188, 101, 297, 0, 0, 0
881, 89, 297, 188, 101, 297, 0, 0, 0
882, 89, 297, 188, 101, 297, 0, 0, 0
883, 89, 297, 188, 101, 297, 0, 0, 0
884, 89, 297, 188, 101, 297, 0, 0, 0
885, 89, 297, 188, 101, 297, 0, 0, 0
886, 89, 297, 188, 101, 297, 0, 0, 0
887, 89, 297, 188, 101, 297, 0, 0, 0
888, 89, 297, 188, 101, 297, 0, 0, 0
889, 89, 297, 188, 101, 297, 0, 0, 0
890, 89, 297, 188, 101, 297, 0, 0, 0
891, 89, 297, 188, 101, 297, 0, 0, 0
892, 89, 297, 188, 101, 297, 0, 0, 0
893, 89, 297, 188, 101, 297, 0, 0, 0
894, 89, 297, 188, 101, 297, 0, 0, 0
895, 89, 297, 188, 101, 297, 0, 0, 0
896, 89, 297, 188, 101, 297, 0, 0, 0
897, 89, 297, 188, 101, 297, 0, 0, 0
898, 89, 297, 188, 101, 297, 0, 0, 0
899, 89, 297, 188, 101, 297, 0, 0, 0
900, 89, 297, 188, 101, 297, 0, 0, 0
901, 89, 297, 188, 101, 297, 0, 0, 0
902, 89, 297, 188, 101, 297, 0, 0, 0
903, 89, 297, 188, 101, 297, 0, 0, 0
904, 89, 297, 188, 101, 297, 0, 0, 0
905, 89, 297, 188, 101, 297, 0, 0, 0
906, 89, 297, 188, 101, 297, 0, 0, 0
907, 89, 297, 188, 101, 297, 0, 0, 0
908, 89, 297, 188, 101, 297, 0, 0, 0
909, 89, 297, 188, 101, 297, 0, 0, 0
910, 89, 297, 188, 101, 297, 0, 0, 0
911, 89, 297, 188, 101, 297, 0, 0, 0
912, 89, 297, 188, 101, 297, 0, 0, 0
913, 89, 297, 188, 101, 297, 0, 0, 0
914, 89, 297, 188, 101, 297, 0, 0, 0
915, 89, 297, 188, 101, 297, 0, 0, 0
916, 89, 297, 188, 101, 297, 0, 0, 0
917, 89, 297, 188, 101, 297, 0, 0, 0
918, 89, 297, 188, 101, 297, 0, 0, 0
919, 89, 297, 188, 101, 297, 0, 0, 0
920, 89, 297, 188, 101, 297, 0, 0, 0
921, 89, 297, 188, 101, 297, 0, 0, 0
922, 89, 297, 188, 101, 297, 0, 0, 0
923, 89, 297, 188, 101, 297, 0, 0, 0
924, 89, 297, 188, 101, 297, 0, 0, 0
925, 89, 297, 188, 101, 297, 0, 0, 0
926, 89, 297, 188, 101, 297, 0, 0, 0
927, 89, 297, 188, 101, 297, 0, 0, 0
928, 89, 297, 188, 101, 297, 0, 0, 0
929, 89, 297, 188, 101, 297, 0, 0, 0
930, 89, 297, 188, 101, 297, 0, 0, 0
931, 89, 297, 188, 101, 297, 0, 0, 0
932, 89, 297, 188, 101, 297, 0, 0, 0
933, 89, 297, 188, 101, 297, 0, 0, 0
934, 89, 297, 188, 101, 297, 0, 0, 0
935, 89, 297, 188, 101, 297, 0, 0, 0
936, 89, 297, 188, 101, 297, 0, 0, 0
937, 89, 297, 188, 101, 297, 0, 0, 0
938, 89, 297, 188, 101, 297, 0, 0, 0
939, 89, 297, 188, 101, 297, 0, 0, 0
940, 89, 297, 188, 101, 297, 0, 0, 0
941, 89, 297, 188, 101, 297, 0, 0, 0
942, 89, 297, 188, 101, 297, 0, 0, 0
943, 89, 297, 188, 101, 297, 0, 0, 0
944, 89, 297, 188, 101, 297, 0, 0, 0
945, 89, 297, 188, 101, 297, 0, 0, 0
946, 89, 297, 188, 101, 297, 0, 0, 0
947, 89, 297, 188, 101, 297, 0, 0, 0
948, 89, 297, 188, 101, 297, 0, 0, 0
949, 89, 297, 188, 101, 297, 0, 0, 0
950, 89, 297, 188, 101, 297, 0, 0, 0
951, 89, 297, 188, 101, 297, 0, 0, 0
952, 89, 297, 188, 101, 297, 0, 0, 0
953, 89, 297, 188, 101, 297, 0, 0, 0
954, 89, 297, 188, 101, 297, 0, 0, 0
955, 89, 297, 188, 101, 297, 0, 0, 0
956, 89, 297, 188, 101, 297, 0, 0, 0
957, 89, 297, 188, 101, 297, 0, 0, 0
958, 89, 297, 188, 101, 297, 0, 0, 0
959, 89, 297, 188, 101, 297, 0, 0, 0
960, 89, 297, 188, 101, 297, 0, 0, 0
961, 89, 297, 188, 101, 297, 0, 0, 0
962, 89, 297, 188, 101, 297, 0, 0, 0
963, 89, 297, 188, 101, 297, 0, 0, 0
964, 89, 297, 188, 101, 297, 0, 0, 0
965, 89, 297, 188, 101, 297, 0, 0, 0
966, 89, 297, 188, 101, 297, 0, 0, 0
967, 89, 297, 188, 101, 297, 0, 0, 0
968, 89, 297, 188, 101, 297, 0, 0, 0
969, 89, 297, 188, 101, 297, 0, 0, 0
970, 89, 297, 188, 101, 297, 0, 0, 0
971, 89, 297, 188, 101, 297, 0, 0, 0
972, 89, 297, 188, 101, 297, 0, 0, 0
973, 89, 297, 188, 101, 297, 0, 0, 0
974, 89, 297, 188, 101, 297, 0, 0, 0
975, 89, 297, 188, 101, 297, 0, 0, 0
976, 89, 297, 188, 101, 297, 0, 0, 0
977, 89, 297, 188, 101, 297, 0, 0, 0
978, 89, 297, 188, 101, 297, 0, 0, 0
979, 89, 297, 188, 101, 297, 0, 0, 0
980, 89, 297, 188, 101, 297, 0, 0, 0
981, 89, 297, 188, 101, 297, 0, 0, 0
982, 89, 297, 188, 101, 297, 0, 0, 0
983, 89, 297, 188, 101, 297, 0, 0, 0
984, 89, 297, 188, 101, 297, 0, 0, 0
985, 89, 297, 188, 101, 297, 0, 0, 0
986, 89, 297, 188, 101, 297, 0, 0, 0
987, 89, 297, 188, 101, 297, 0, 0, 0
988, 89, 297, 188, 101, 297, 0, 0, 0
989, 89, 297, 188, 101, 297, 0, 0, 0
990, 89, 297, 188, 101, 297, 0, 0, 0
991, 89, 297, 188, 101, 297, 0, 0, 0
992, 89, 297, 188, 101, 297, 0, 0, 0
993, 89, 297, 188, 101, 297, 0, 0, 0
994, 89, 297, 188, 101, 297, 0, 0, 0
995, 89, 297, 188, 101, 297, 0, 0, 0
996, 89, 297, 188, 101, 297, 0, 0, 0
997, 89, 297, 188, 101, 297, 0, 0, 0
998, 89, 297, 188, 101, 297, 0, 0, 0
999, 89, 297, 188, 101, 297, 0, 0, 0
