48 120 111
1 60 13 10 15 10 17 10 19 10 21 10 23 10
2 60 13 10 15 10 17 10 19 10 21 10 23 10
3 60 13 10 15 10 17 10 19 10 21 10 23 10
4 60 13 10 15 10 17 10 19 10 21 10 23 10
5 60 13 10 15 10 17 10 19 10 21 10 23 10
6 60 13 10 15 10 17 10 19 10 21 10 23 10
7 60 14 10 16 10 18 10 20 10 22 10 24 10
8 60 14 10 16 10 18 10 20 10 22 10 24 10
9 60 14 10 16 10 18 10 20 10 22 10 24 10
10 60 14 10 16 10 18 10 20 10 22 10 24 10
11 60 14 10 16 10 18 10 20 10 22 10 24 10
12 60 14 10 16 10 18 10 20 10 22 10 24 10
13 100 1 10 2 10 3 10 4 10 5 10 6 10 25 10 26 10 27 10 28 10
14 100 7 10 8 10 9 10 10 10 11 10 12 10 25 10 26 10 27 10 28 10
15 100 1 10 2 10 3 10 4 10 5 10 6 10 29 10 30 10 31 10 32 10
16 100 7 10 8 10 9 10 10 10 11 10 12 10 29 10 30 10 31 10 32 10
17 100 1 10 2 10 3 10 4 10 5 10 6 10 33 10 34 10 35 10 36 10
18 100 7 10 8 10 9 10 10 10 11 10 12 10 33 10 34 10 35 10 36 10
19 100 1 10 2 10 3 10 4 10 5 10 6 10 37 10 38 10 39 10 40 10
20 100 7 10 8 10 9 10 10 10 11 10 12 10 37 10 38 10 39 10 40 10
21 100 1 10 2 10 3 10 4 10 5 10 6 10 41 10 42 10 43 10 44 10
22 100 7 10 8 10 9 10 10 10 11 10 12 10 41 10 42 10 43 10 44 10
23 100 1 10 2 10 3 10 4 10 5 10 6 10 45 10 46 10 47 10 48 10
24 100 7 10 8 10 9 10 10 10 11 10 12 10 45 10 46 10 47 10 48 10
25 20 13 10 14 10
26 20 13 10 14 10
27 20 13 10 14 10
28 20 13 10 14 10
29 20 15 10 16 10
30 20 15 10 16 10
31 20 15 10 16 10
32 20 15 10 16 10
33 20 17 10 18 10
34 20 17 10 18 10
35 20 17 10 18 10
36 20 17 10 18 10
37 20 19 10 20 10
38 20 19 10 20 10
39 20 19 10 20 10
40 20 19 10 20 10
41 20 21 10 22 10
42 20 21 10 22 10
43 20 21 10 22 10
44 20 21 10 22 10
45 20 23 10 24 10
46 20 23 10 24 10
47 20 23 10 24 10
48 20 23 10 24 10
