36 93 111
1 175 2 25 10 25 16 25 22 25 12 25 28 25 29 25
2 125 28 25 9 25 7 25 1 25 10 25
3 200 9 25 8 25 7 25 6 25 5 25 4 25 17 25 20 25
4 100 3 25 8 25 20 25 21 25
5 200 3 25 19 25 18 25 35 25 17 25 20 25 27 25 36 25
6 100 3 25 9 25 8 25 17 25
7 200 3 25 2 25 9 25 8 25 10 25 17 25 14 25 29 25
8 250 9 25 3 25 7 25 6 25 4 25 10 25 17 25 20 25 26 25 25 25
9 275 8 25 3 25 2 25 7 25 6 25 34 25 12 25 10 25 17 25 32 25 24 25
10 200 1 25 9 25 8 25 2 25 7 25 14 25 21 25 28 25
11 75 17 25
12 350 1 25 9 25 13 25 17 25 31 25 16 25 33 25 32 25 22 25 23 25 15 25 24 25 29 25 14 25
13 100 22 25 12 25
14 125 12 25 10 25 22 25 7 25 29 25
15 125 12 25 29 25 30 25 33 25 32 25
16 100 1 25 12 25
17 300 12 25 11 25 9 25 8 25 3 25 34 25 7 25 6 25 5 25 18 25 27 25 24 25
18 100 19 25 27 25 5 25 17 25
19 100 5 25 18 25
20 125 3 25 21 25 8 25 5 25 4 25
21 125 10 25 20 25 4 25
22 175 1 25 13 25 12 25 14 25 29 25 32 25 23 25
23 125 12 25 22 25 34 25 29 25 24 25
24 125 12 25 17 25 23 25 34 25 9 25
25 75 8 25
26 75 8 25
27 125 18 25 17 25 5 25
28 125 2 25 1 25 10 25
29 225 1 25 12 25 15 25 14 25 22 25 23 25 7 25 31 25 32 25
30 100 15 25 31 25
31 125 33 25 32 25 12 25 30 25 29 25
32 175 31 25 12 25 9 25 33 25 15 25 22 25 29 25
33 100 31 25 12 25 32 25 15 25
34 100 9 25 17 25 23 25 24 25
35 75 5 25
36 75 5 25
