0, 36, 154, 29, 30, 88, 21, 52, 0, 0, 0, 0, 0, 0, 0, 0, 0, 0, 0, 0, 0
1, 47, 107, 23, 52, 71, 40, 70, 0, 0, 0, 0, 0, 0, 0, 0, 0, 0, 0, 0, 0
2, 23, 143, 72, 20, 63, 42, 47, 0, 0, 0, 0, 0, 0, 0, 0, 0, 0, 0, 0, 0
3, 45, 143, 33, 34, 79, 24, 52, 0, 0, 0, 0, 0, 0, 0, 0, 0, 0, 0, 0, 0
4, 22, 133, 50, 26, 62, 54, 63, 0, 0, 0, 0, 0, 0, 0, 0, 0, 0, 0, 0, 0
5, 22, 138, 52, 21, 76, 42, 59, 0, 0, 0, 0, 0, 0, 0, 0, 0, 0, 0, 0, 0
6, 49, 139, 24, 39, 75, 25, 59, 0, 0, 0, 0, 0, 0, 0, 0, 0, 0, 0, 0, 0
7, 17, 140, 56, 23, 71, 46, 57, 0, 0, 0, 0, 0, 0, 0, 0, 0, 0, 0, 0, 0
8, 22, 160, 35, 26, 75, 21, 71, 0, 0, 0, 0, 0, 0, 0, 0, 0, 0, 0, 0, 0
9, 46, 141, 29, 34, 78, 26, 56, 0, 0, 0, 0, 0, 0, 0, 0, 0, 0, 0, 0, 0
10, 14, 156, 62, 29, 69, 29, 51, 0, 0, 0, 0, 0, 0, 0, 0, 0, 0, 0, 0, 0
11, 46, 140, 18, 34, 78, 31, 63, 0, 0, 0, 0, 0, 0, 0, 0, 0, 0, 0, 0, 0
12, 22, 127, 63, 29, 62, 58, 49, 0, 0, 0, 0, 0, 0, 0, 0, 0, 0, 0, 0, 0
13, 45, 144, 26, 34, 79, 24, 58, 0, 0, 0, 0, 0, 0, 0, 0, 0, 0, 0, 0, 0
14, 11, 130, 54, 23, 77, 58, 57, 0, 0, 0, 0, 0, 0, 0, 0, 0, 0, 0, 0, 0
15, 40, 125, 59, 29, 70, 41, 46, 0, 0, 0, 0, 0, 0, 0, 0, 0, 0, 0, 0, 0
16, 26, 136, 49, 31, 64, 42, 62, 0, 0, 0, 0, 0, 0, 0, 0, 0, 0, 0, 0, 0
17, 20, 140, 54, 23, 76, 44, 53, 0, 0, 0, 0, 0, 0, 0, 0, 0, 0, 0, 0, 0
18, 46, 138, 25, 41, 78, 24, 58, 0, 0, 0, 0, 0, 0, 0, 0, 0, 0, 0, 0, 0
19, 15, 165, 54, 20, 76, 24, 56, 0, 0, 0, 0, 0, 0, 0, 0, 0, 0, 0, 0, 0
20, 48, 134, 30, 34, 76, 35, 53, 0, 0, 0, 0, 0, 0, 0, 0, 0, 0, 0, 0, 0
21, 23, 140, 56, 23, 64, 47, 57, 0, 0, 0, 0, 0, 0, 0, 0, 0, 0, 0, 0, 0
22, 19, 129, 39, 37, 71, 49, 66, 0, 0, 0, 0, 0, 0, 0, 0, 0, 0, 0, 0, 0
23, 42, 121, 38, 30, 65, 43, 71, 0, 0, 0, 0, 0, 0, 0, 0, 0, 0, 0, 0, 0
24, 21, 135, 54, 22, 73, 45, 60, 0, 0, 0, 0, 0, 0, 0, 0, 0, 0, 0, 0, 0
25, 47, 142, 26, 39, 77, 21, 58, 0, 0, 0, 0, 0, 0, 0, 0, 0, 0, 0, 0, 0
26, 22, 140, 56, 23, 65, 47, 57, 0, 0, 0, 0, 0, 0, 0, 0, 0, 0, 0, 0, 0
27, 42, 142, 27, 34, 82, 26, 57, 0, 0, 0, 0, 0, 0, 0, 0, 0, 0, 0, 0, 0
28, 12, 155, 55, 23, 76, 32, 57, 0, 0, 0, 0, 0, 0, 0, 0, 0, 0, 0, 0, 0
29, 44, 136, 30, 34, 80, 33, 53, 0, 0, 0, 0, 0, 0, 0, 0, 0, 0, 0, 0, 0
30, 16, 164, 54, 27, 69, 24, 56, 0, 0, 0, 0, 0, 0, 0, 0, 0, 0, 0, 0, 0
31, 47, 134, 30, 34, 77, 35, 53, 0, 0, 0, 0, 0, 0, 0, 0, 0, 0, 0, 0, 0
32, 12, 139, 55, 22, 76, 49, 57, 0, 0, 0, 0, 0, 0, 0, 0, 0, 0, 0, 0, 0
33, 22, 137, 46, 33, 69, 43, 60, 0, 0, 0, 0, 0, 0, 0, 0, 0, 0, 0, 0, 0
34, 48, 145, 35, 25, 66, 21, 70, 0, 0, 0, 0, 0, 0, 0, 0, 0, 0, 0, 0, 0
35, 13, 124, 62, 26, 76, 61, 48, 0, 0, 0, 0, 0, 0, 0, 0, 0, 0, 0, 0, 0
36, 40, 133, 30, 36, 87, 27, 57, 0, 0, 0, 0, 0, 0, 0, 0, 0, 0, 0, 0, 0
37, 14, 129, 54, 21, 77, 58, 57, 0, 0, 0, 0, 0, 0, 0, 0, 0, 0, 0, 0, 0
38, 44, 135, 26, 41, 80, 24, 60, 0, 0, 0, 0, 0, 0, 0, 0, 0, 0, 0, 0, 0
39, 14, 164, 58, 22, 76, 22, 54, 0, 0, 0, 0, 0, 0, 0, 0, 0, 0, 0, 0, 0
40, 44, 140, 18, 34, 80, 31, 63, 0, 0, 0, 0, 0, 0, 0, 0, 0, 0, 0, 0, 0
41, 16, 142, 54, 24, 69, 47, 58, 0, 0, 0, 0, 0, 0, 0, 0, 0, 0, 0, 0, 0
42, 21, 118, 51, 23, 75, 64, 58, 0, 0, 0, 0, 0, 0, 0, 0, 0, 0, 0, 0, 0
43, 33, 141, 33, 41, 66, 21, 75, 0, 0, 0, 0, 0, 0, 0, 0, 0, 0, 0, 0, 0
44, 25, 162, 50, 25, 71, 22, 55, 0, 0, 0, 0, 0, 0, 0, 0, 0, 0, 0, 0, 0
45, 25, 138, 51, 19, 70, 50, 57, 0, 0, 0, 0, 0, 0, 0, 0, 0, 0, 0, 0, 0
46, 48, 141, 25, 38, 76, 24, 58, 0, 0, 0, 0, 0, 0, 0, 0, 0, 0, 0, 0, 0
47, 23, 140, 56, 23, 64, 47, 57, 0, 0, 0, 0, 0, 0, 0, 0, 0, 0, 0, 0, 0
48, 42, 142, 27, 34, 82, 26, 57, 0, 0, 0, 0, 0, 0, 0, 0, 0, 0, 0, 0, 0
49, 12, 155, 55, 23, 76, 32, 57, 0, 0, 0, 0, 0, 0, 0, 0, 0, 0, 0, 0, 0
50, 44, 136, 30, 34, 80, 33, 53, 0, 0, 0, 0, 0, 0, 0, 0, 0, 0, 0, 0, 0
51, 16, 164, 54, 27, 69, 24, 56, 0, 0, 0, 0, 0, 0, 0, 0, 0, 0, 0, 0, 0
52, 47, 134, 30, 34, 77, 35, 53, 0, 0, 0, 0, 0, 0, 0, 0, 0, 0, 0, 0, 0
53, 12, 139, 55, 22, 76, 49, 57, 0, 0, 0, 0, 0, 0, 0, 0, 0, 0, 0, 0, 0
54, 22, 137, 46, 33, 69, 43, 60, 0, 0, 0, 0, 0, 0, 0, 0, 0, 0, 0, 0, 0
55, 48, 145, 35, 25, 66, 21, 70, 0, 0, 0, 0, 0, 0, 0, 0, 0, 0, 0, 0, 0
56, 13, 124, 62, 26, 76, 61, 48, 0, 0, 0, 0, 0, 0, 0, 0, 0, 0, 0, 0, 0
57, 40, 133, 30, 36, 87, 27, 57, 0, 0, 0, 0, 0, 0, 0, 0, 0, 0, 0, 0, 0
58, 14, 129, 54, 21, 77, 58, 57, 0, 0, 0, 0, 0, 0, 0, 0, 0, 0, 0, 0, 0
59, 44, 135, 26, 41, 80, 24, 60, 0, 0, 0, 0, 0, 0, 0, 0, 0, 0, 0, 0, 0
60, 14, 164, 58, 22, 76, 22, 54, 0, 0, 0, 0, 0, 0, 0, 0, 0, 0, 0, 0, 0
61, 44, 140, 18, 34, 80, 31, 63, 0, 0, 0, 0, 0, 0, 0, 0, 0, 0, 0, 0, 0
62, 16, 142, 54, 24, 69, 47, 58, 0, 0, 0, 0, 0, 0, 0, 0, 0, 0, 0, 0, 0
63, 21, 118, 51, 23, 75, 64, 58, 0, 0, 0, 0, 0, 0, 0, 0, 0, 0, 0, 0, 0
64, 33, 141, 33, 41, 66, 21, 75, 0, 0, 0, 0, 0, 0, 0, 0, 0, 0, 0, 0, 0
65, 25, 162, 50, 25, 71, 22, 55, 0, 0, 0, 0, 0, 0, 0, 0, 0, 0, 0, 0, 0
66, 25, 138, 51, 19, 70, 50, 57, 0, 0, 0, 0, 0, 0, 0, 0, 0, 0, 0, 0, 0
67, 48, 141, 25, 38, 76, 24, 58, 0, 0, 0, 0, 0, 0, 0, 0, 0, 0, 0, 0, 0
68, 23, 140, 56, 23, 64, 47, 57, 0, 0, 0, 0, 0, 0, 0, 0, 0, 0, 0, 0, 0
69, 42, 142, 27, 34, 82, 26, 57, 0, 0, 0, 0, 0, 0, 0, 0, 0, 0, 0, 0, 0
70, 12, 155, 55, 23, 76, 32, 57, 0, 0, 0, 0, 0, 0, 0, 0, 0, 0, 0, 0, 0
71, 44, 136, 30, 34, 80, 33, 53, 0, 0, 0, 0, 0, 0, 0, 0, 0, 0, 0, 0, 0
72, 16, 164, 54, 27, 69, 24, 56, 0, 0, 0, 0, 0, 0, 0, 0, 0, 0, 0, 0, 0
73, 47, 134, 30, 34, 77, 35, 53, 0, 0, 0, 0, 0, 0, 0, 0, 0, 0, 0, 0, 0
74, 12, 139, 55, 22, 76, 49, 57, 0, 0, 0, 0, 0, 0, 0, 0, 0, 0, 0, 0, 0
75, 22, 137, 46, 33, 69, 43, 60, 0, 0, 0, 0, 0, 0, 0, 0, 0, 0, 0, 0, 0
76, 48, 145, 35, 25, 66, 21, 70, 0, 0, 0, 0, 0, 0, 0, 0, 0, 0, 0, 0, 0
77, 13, 124, 62, 26, 76, 61, 48, 0, 0, 0, 0, 0, 0, 0, 0, 0, 0, 0, 0, 0
78, 40, 133, 30, 36, 87, 27, 57, 0, 0, 0, 0, 0, 0, 0, 0, 0, 0, 0, 0, 0
79, 14, 129, 54, 21, 77, 58, 57, 0, 0, 0, 0, 0, 0, 0, 0, 0, 0, 0, 0, 0
80, 44, 135, 26, 41, 80, 24, 60, 0, 0, 0, 0, 0, 0, 0, 0, 0, 0, 0, 0, 0
81, 14, 164, 58, 22, 76, 22, 54, 0, 0, 0, 0, 0, 0, 0, 0, 0, 0, 0, 0, 0
82, 44, 140, 18, 34, 80, 31, 63, 0, 0, 0, 0, 0, 0, 0, 0, 0, 0, 0, 0, 0
83, 16, 142, 54, 24, 69, 47, 58, 0, 0, 0, 0, 0, 0, 0, 0, 0, 0, 0, 0, 0
84, 21, 118, 51, 23, 75, 64, 58, 0, 0, 0, 0, 0, 0, 0, 0, 0, 0, 0, 0, 0
85, 33, 141, 33, 41, 66, 21, 75, 0, 0, 0, 0, 0, 0, 0, 0, 0, 0, 0, 0, 0
86, 25, 162, 50, 25, 71, 22, 55, 0, 0, 0, 0, 0, 0, 0, 0, 0, 0, 0, 0, 0
87, 25, 138, 51, 19, 70, 50, 57, 0, 0, 0, 0, 0, 0, 0, 0, 0, 0, 0, 0, 0
88, 48, 141, 25, 38, 76, 24, 58, 0, 0, 0, 0, 0, 0, 0, 0, 0, 0, 0, 0, 0
89, 23, 140, 56, 23, 64, 47, 57, 0, 0, 0, 0, 0, 0, 0, 0, 0, 0, 0, 0, 0
90, 42, 142, 27, 34, 82, 26, 57, 0, 0, 0, 0, 0, 0, 0, 0, 0, 0, 0, 0, 0
91, 12, 155, 55, 23, 76, 32, 57, 0, 0, 0, 0, 0, 0, 0, 0, 0, 0, 0, 0, 0
92, 44, 136, 30, 34, 80, 33, 53, 0, 0, 0, 0, 0, 0, 0, 0, 0, 0, 0, 0, 0
93, 16, 164, 54, 27, 69, 24, 56, 0, 0, 0, 0, 0, 0, 0, 0, 0, 0, 0, 0, 0
94, 47, 134, 30, 34, 77, 35, 53, 0, 0, 0, 0, 0, 0, 0, 0, 0, 0, 0, 0, 0
95, 12, 139, 55, 22, 76, 49, 57, 0, 0, 0, 0, 0, 0, 0, 0, 0, 0, 0, 0, 0
96, 22, 137, 46, 33, 69, 43, 60, 0, 0, 0, 0, 0, 0, 0, 0, 0, 0, 0, 0, 0
97, 48, 145, 35, 25, 66, 21, 70, 0, 0, 0, 0, 0, 0, 0, 0, 0, 0, 0, 0, 0
98, 13, 124, 62, 26, 76, 61, 48, 0, 0, 0, 0, 0, 0, 0, 0, 0, 0, 0, 0, 0
99, 40, 133, 30, 36, 87, 27, 57, 0, 0, 0, 0, 0, 0, 0, 0, 0, 0, 0, 0, 0
100, 14, 129, 54, 21, 77, 58, 57, 0, 0, 0, 0, 0, 0, 0, 0, 0, 0, 0, 0, 0
101, 44, 135, 26, 41, 80, 24, 60, 0, 0, 0, 0, 0, 0, 0, 0, 0, 0, 0, 0, 0
102, 14, 164, 58, 22, 76, 22, 54, 0, 0, 0, 0, 0, 0, 0, 0, 0, 0, 0, 0, 0
103, 44, 140, 18, 34, 80, 31, 63, 0, 0, 0, 0, 0, 0, 0, 0, 0, 0, 0, 0, 0
104, 16, 142, 54, 24, 69, 47, 58, 0, 0, 0, 0, 0, 0, 0, 0, 0, 0, 0, 0, 0
105, 21, 118, 51, 23, 75, 64, 58, 0, 0, 0, 0, 0, 0, 0, 0, 0, 0, 0, 0, 0
106, 33, 141, 33, 41, 66, 21, 75, 0, 0, 0, 0, 0, 0, 0, 0, 0, 0, 0, 0, 0
107, 25, 162, 50, 25, 71, 22, 55, 0, 0, 0, 0, 0, 0, 0, 0, 0, 0, 0, 0, 0
108, 25, 138, 51, 19, 70, 50, 57, 0, 0, 0, 0, 0, 0, 0, 0, 0, 0, 0, 0, 0
109, 48, 141, 25, 38, 76, 24, 58, 0, 0, 0, 0, 0, 0, 0, 0, 0, 0, 0, 0, 0
110, 23, 140, 56, 23, 64, 47, 57, 0, 0, 0, 0, 0, 0, 0, 0, 0, 0, 0, 0, 0
111, 42, 142, 27, 34, 82, 26, 57, 0, 0, 0, 0, 0, 0, 0, 0, 0, 0, 0, 0, 0
112, 12, 155, 55, 23, 76, 32, 57, 0, 0, 0, 0, 0, 0, 0, 0, 0, 0, 0, 0, 0
113, 44, 136, 30, 34, 80, 33, 53, 0, 0, 0, 0, 0, 0, 0, 0, 0, 0, 0, 0, 0
114, 16, 164, 54, 27, 69, 24, 56, 0, 0, 0, 0, 0, 0, 0, 0, 0, 0, 0, 0, 0
115, 47, 134, 30, 34, 77, 35, 53, 0, 0, 0, 0, 0, 0, 0, 0, 0, 0, 0, 0, 0
116, 12, 139, 55, 22, 76, 49, 57, 0, 0, 0, 0, 0, 0, 0, 0, 0, 0, 0, 0, 0
117, 22, 137, 46, 33, 69, 43, 60, 0, 0, 0, 0, 0, 0, 0, 0, 0, 0, 0, 0, 0
118, 48, 145, 35, 25, 66, 21, 70, 0, 0, 0, 0, 0, 0, 0, 0, 0, 0, 0, 0, 0
119, 13, 124, 62, 26, 76, 61, 48, 0, 0, 0, 0, 0, 0, 0, 0, 0, 0, 0, 0, 0
120, 40, 133, 30, 36, 87, 27, 57, 0, 0, 0, 0, 0, 0, 0, 0, 0, 0, 0, 0, 0
121, 14, 129, 54, 21, 77, 58, 57, 0, 0, 0, 0, 0, 0, 0, 0, 0, 0, 0, 0, 0
122, 44, 135, 26, 41, 80, 24, 60, 0, 0, 0, 0, 0, 0, 0, 0, 0, 0, 0, 0, 0
123, 14, 164, 58, 22, 76, 22, 54, 0, 0, 0, 0, 0, 0, 0, 0, 0, 0, 0, 0, 0
124, 44, 140, 18, 34, 80, 31, 63, 0, 0, 0, 0, 0, 0, 0, 0, 0, 0, 0, 0, 0
125, 16, 142, 54, 24, 69, 47, 58, 0, 0, 0, 0, 0, 0, 0, 0, 0, 0, 0, 0, 0
126, 21, 118, 51, 23, 75, 64, 58, 0, 0, 0, 0, 0, 0, 0, 0, 0, 0, 0, 0, 0
127, 33, 141, 33, 41, 66, 21, 75, 0, 0, 0, 0, 0, 0, 0, 0, 0, 0, 0, 0, 0
128, 25, 162, 50, 25, 71, 22, 55, 0, 0, 0, 0, 0, 0, 0, 0, 0, 0, 0, 0, 0
129, 25, 138, 51, 19, 70, 50, 57, 0, 0, 0, 0, 0, 0, 0, 0, 0, 0, 0, 0, 0
130, 48, 141, 25, 38, 76, 24, 58, 0, 0, 0, 0, 0, 0, 0, 0, 0, 0, 0, 0, 0
131, 23, 140, 56, 23, 64, 47, 57, 0, 0, 0, 0, 0, 0, 0, 0, 0, 0, 0, 0, 0
132, 42, 142, 27, 34, 82, 26, 57, 0, 0, 0, 0, 0, 0, 0, 0, 0, 0, 0, 0, 0
133, 12, 155, 55, 23, 76, 32, 57, 0, 0, 0, 0, 0, 0, 0, 0, 0, 0, 0, 0, 0
134, 44, 136, 30, 34, 80, 33, 53, 0, 0, 0, 0, 0, 0, 0, 0, 0, 0, 0, 0, 0
135, 16, 164, 54, 27, 69, 24, 56, 0, 0, 0, 0, 0, 0, 0, 0, 0, 0, 0, 0, 0
136, 47, 134, 30, 34, 77, 35, 53, 0, 0, 0, 0, 0, 0, 0, 0, 0, 0, 0, 0, 0
137, 12, 139, 55, 22, 76, 49, 57, 0, 0, 0, 0, 0, 0, 0, 0, 0, 0, 0, 0, 0
138, 22, 137, 46, 33, 69, 43, 60, 0, 0, 0, 0, 0, 0, 0, 0, 0, 0, 0, 0, 0
139, 48, 145, 35, 25, 66, 21, 70, 0, 0, 0, 0, 0, 0, 0, 0, 0, 0, 0, 0, 0
140, 13, 124, 62, 26, 76, 61, 48, 0, 0, 0, 0, 0, 0, 0, 0, 0, 0, 0, 0, 0
141, 40, 133, 30, 36, 87, 27, 57, 0, 0, 0, 0, 0, 0, 0, 0, 0, 0, 0, 0, 0
142, 14, 129, 54, 21, 77, 58, 57, 0, 0, 0, 0, 0, 0, 0, 0, 0, 0, 0, 0, 0
143, 44, 135, 26, 41, 80, 24, 60, 0, 0, 0, 0, 0, 0, 0, 0, 0, 0, 0, 0, 0
144, 14, 164, 58, 22, 76, 22, 54, 0, 0, 0, 0, 0, 0, 0, 0, 0, 0, 0, 0, 0
145, 44, 140, 18, 34, 80, 31, 63, 0, 0, 0, 0, 0, 0, 0, 0, 0, 0, 0, 0, 0
146, 16, 142, 54, 24, 69, 47, 58, 0, 0, 0, 0, 0, 0, 0, 0, 0, 0, 0, 0, 0
147, 21, 118, 51, 23, 75, 64, 58, 0, 0, 0, 0, 0, 0, 0, 0, 0, 0, 0, 0, 0
148, 33, 141, 33, 41, 66, 21, 75, 0, 0, 0, 0, 0, 0, 0, 0, 0, 0, 0, 0, 0
149, 25, 162, 50, 25, 71, 22, 55, 0, 0, 0, 0, 0, 0, 0, 0, 0, 0, 0, 0, 0
150, 25, 138, 51, 19, 70, 50, 57, 0, 0, 0, 0, 0, 0, 0, 0, 0, 0, 0, 0, 0
151, 48, 141, 25, 38, 76, 24, 58, 0, 0, 0, 0, 0, 0, 0, 0, 0, 0, 0, 0, 0
152, 23, 140, 56, 23, 64, 47, 57, 0, 0, 0, 0, 0, 0, 0, 0, 0, 0, 0, 0, 0
153, 42, 142, 27, 34, 82, 26, 57, 0, 0, 0, 0, 0, 0, 0, 0, 0, 0, 0, 0, 0
154, 12, 155, 55, 23, 76, 32, 57, 0, 0, 0, 0, 0, 0, 0, 0, 0, 0, 0, 0, 0
155, 44, 136, 30, 34, 80, 33, 53, 0, 0, 0, 0, 0, 0, 0, 0, 0, 0, 0, 0, 0
156, 16, 164, 54, 27, 69, 24, 56, 0, 0, 0, 0, 0, 0, 0, 0, 0, 0, 0, 0, 0
157, 47, 134, 30, 34, 77, 35, 53, 0, 0, 0, 0, 0, 0, 0, 0, 0, 0, 0, 0, 0
158, 12, 139, 55, 22, 76, 49, 57, 0, 0, 0, 0, 0, 0, 0, 0, 0, 0, 0, 0, 0
159, 22, 137, 46, 33, 69, 43, 60, 0, 0, 0, 0, 0, 0, 0, 0, 0, 0, 0, 0, 0
160, 48, 145, 35, 25, 66, 21, 70, 0, 0, 0, 0, 0, 0, 0, 0, 0, 0, 0, 0, 0
161, 13, 124, 62, 26, 76, 61, 48, 0, 0, 0, 0, 0, 0, 0, 0, 0, 0, 0, 0, 0
162, 40, 133, 30, 36, 87, 27, 57, 0, 0, 0, 0, 0, 0, 0, 0, 0, 0, 0, 0, 0
163, 14, 129, 54, 21, 77, 58, 57, 0, 0, 0, 0, 0, 0, 0, 0, 0, 0, 0, 0, 0
164, 44, 135, 26, 41, 80, 24, 60, 0, 0, 0, 0, 0, 0, 0, 0, 0, 0, 0, 0, 0
165, 14, 164, 58, 22, 76, 22, 54, 0, 0, 0, 0, 0, 0, 0, 0, 0, 0, 0, 0, 0
166, 44, 140, 18, 34, 80, 31, 63, 0, 0, 0, 0, 0, 0, 0, 0, 0, 0, 0, 0, 0
167, 16, 142, 54, 24, 69, 47, 58, 0, 0, 0, 0, 0, 0, 0, 0, 0, 0, 0, 0, 0
168, 21, 118, 51, 23, 75, 64, 58, 0, 0, 0, 0, 0, 0, 0, 0, 0, 0, 0, 0, 0
169, 33, 141, 33, 41, 66, 21, 75, 0, 0, 0, 0, 0, 0, 0, 0, 0, 0, 0, 0, 0
170, 25, 162, 50, 25, 71, 22, 55, 0, 0, 0, 0, 0, 0, 0, 0, 0, 0, 0, 0, 0
171, 25, 138, 51, 19, 70, 50, 57, 0, 0, 0, 0, 0, 0, 0, 0, 0, 0, 0, 0, 0
172, 48, 141, 25, 38, 76, 24, 58, 0, 0, 0, 0, 0, 0, 0, 0, 0, 0, 0, 0, 0
173, 23, 140, 56, 23, 64, 47, 57, 0, 0, 0, 0, 0, 0, 0, 0, 0, 0, 0, 0, 0
174, 42, 142, 27, 34, 82, 26, 57, 0, 0, 0, 0, 0, 0, 0, 0, 0, 0, 0, 0, 0
175, 12, 155, 55, 23, 76, 32, 57, 0, 0, 0, 0, 0, 0, 0, 0, 0, 0, 0, 0, 0
176, 44, 136, 30, 34, 80, 33, 53, 0, 0, 0, 0, 0, 0, 0, 0, 0, 0, 0, 0, 0
177, 16, 164, 54, 27, 69, 24, 56, 0, 0, 0, 0, 0, 0, 0, 0, 0, 0, 0, 0, 0
178, 47, 134, 30, 34, 77, 35, 53, 0, 0, 0, 0, 0, 0, 0, 0, 0, 0, 0, 0, 0
179, 12, 139, 55, 22, 76, 49, 57, 0, 0, 0, 0, 0, 0, 0, 0, 0, 0, 0, 0, 0
180, 22, 137, 46, 33, 69, 43, 60, 0, 0, 0, 0, 0, 0, 0, 0, 0, 0, 0, 0, 0
181, 48, 145, 35, 25, 66, 21, 70, 0, 0, 0, 0, 0, 0, 0, 0, 0, 0, 0, 0, 0
182, 13, 124, 62, 26, 76, 61, 48, 0, 0, 0, 0, 0, 0, 0, 0, 0, 0, 0, 0, 0
183, 40, 133, 30, 36, 87, 27, 57, 0, 0, 0, 0, 0, 0, 0, 0, 0, 0, 0, 0, 0
184, 14, 129, 54, 21, 77, 58, 57, 0, 0, 0, 0, 0, 0, 0, 0, 0, 0, 0, 0, 0
185, 44, 135, 26, 41, 80, 24, 60, 0, 0, 0, 0, 0, 0, 0, 0, 0, 0, 0, 0, 0
186, 14, 164, 58, 22, 76, 22, 54, 0, 0, 0, 0, 0, 0, 0, 0, 0, 0, 0, 0, 0
187, 44, 140, 18, 34, 80, 31, 63, 0, 0, 0, 0, 0, 0, 0, 0, 0, 0, 0, 0, 0
188, 16, 142, 54, 24, 69, 47, 58, 0, 0, 0, 0, 0, 0, 0, 0, 0, 0, 0, 0, 0
189, 21, 118, 51, 23, 75, 64, 58, 0, 0, 0, 0, 0, 0, 0, 0, 0, 0, 0, 0, 0
190, 33, 141, 33, 41, 66, 21, 75, 0, 0, 0, 0, 0, 0, 0, 0, 0, 0, 0, 0, 0
191, 25, 162, 50, 25, 71, 22, 55, 0, 0, 0, 0, 0, 0, 0, 0, 0, 0, 0, 0, 0
192, 25, 138, 51, 19, 70, 50, 57, 0, 0, 0, 0, 0, 0, 0, 0, 0, 0, 0, 0, 0
193, 48, 141, 25, 38, 76, 24, 58, 0, 0, 0, 0, 0, 0, 0, 0, 0, 0, 0, 0, 0
194, 23, 140, 56, 23, 64, 47, 57, 0, 0, 0, 0, 0, 0, 0, 0, 0, 0, 0, 0, 0
195, 42, 142, 27, 34, 82, 26, 57, 0, 0, 0, 0, 0, 0, 0, 0, 0, 0, 0, 0, 0
196, 12, 155, 55, 23, 76, 32, 57, 0, 0, 0, 0, 0, 0, 0, 0, 0, 0, 0, 0, 0
197, 44, 136, 30, 34, 80, 33, 53, 0, 0, 0, 0, 0, 0, 0, 0, 0, 0, 0, 0, 0
198, 16, 164, 54, 27, 69, 24, 56, 0, 0, 0, 0, 0, 0, 0, 0, 0, 0, 0, 0, 0
199, 47, 134, 30, 34, 77, 35, 53, 0, 0, 0, 0, 0, 0, 0, 0, 0, 0, 0, 0, 0
200, 12, 139, 55, 22, 76, 49, 57, 0, 0, 0, 0, 0, 0, 0, 0, 0, 0, 0, 0, 0
201, 22, 137, 46, 33, 69, 43, 60, 0, 0, 0, 0, 0, 0, 0, 0, 0, 0, 0, 0, 0
202, 48, 145, 35, 25, 66, 21, 70, 0, 0, 0, 0, 0, 0, 0, 0, 0, 0, 0, 0, 0
203, 13, 124, 62, 26, 76, 61, 48, 0, 0, 0, 0, 0, 0, 0, 0, 0, 0, 0, 0, 0
204, 40, 133, 30, 36, 87, 27, 57, 0, 0, 0, 0, 0, 0, 0, 0, 0, 0, 0, 0, 0
205, 14, 129, 54, 21, 77, 58, 57, 0, 0, 0, 0, 0, 0, 0, 0, 0, 0, 0, 0, 0
206, 44, 135, 26, 41, 80, 24, 60, 0, 0, 0, 0, 0, 0, 0, 0, 0, 0, 0, 0, 0
207, 14, 164, 58, 22, 76, 22, 54, 0, 0, 0, 0, 0, 0, 0, 0, 0, 0, 0, 0, 0
208, 44, 140, 18, 34, 80, 31, 63, 0, 0, 0, 0, 0, 0, 0, 0, 0, 0, 0, 0, 0
209, 16, 142, 54, 24, 69, 47, 58, 0, 0, 0, 0, 0, 0, 0, 0, 0, 0, 0, 0, 0
210, 21, 118, 51, 23, 75, 64, 58, 0, 0, 0, 0, 0, 0, 0, 0, 0, 0, 0, 0, 0
211, 33, 141, 33, 41, 66, 21, 75, 0, 0, 0, 0, 0, 0, 0, 0, 0, 0, 0, 0, 0
212, 25, 162, 50, 25, 71, 22, 55, 0, 0, 0, 0, 0, 0, 0, 0, 0, 0, 0, 0, 0
213, 25, 138, 51, 19, 70, 50, 57, 0, 0, 0, 0, 0, 0, 0, 0, 0, 0, 0, 0, 0
214, 48, 141, 25, 38, 76, 24, 58, 0, 0, 0, 0, 0, 0, 0, 0, 0, 0, 0, 0, 0
215, 23, 140, 56, 23, 64, 47, 57, 0, 0, 0, 0, 0, 0, 0, 0, 0, 0, 0, 0, 0
216, 42, 142, 27, 34, 82, 26, 57, 0, 0, 0, 0, 0, 0, 0, 0, 0, 0, 0, 0, 0
217, 12, 155, 55, 23, 76, 32, 57, 0, 0, 0, 0, 0, 0, 0, 0, 0, 0, 0, 0, 0
218, 44, 136, 30, 34, 80, 33, 53, 0, 0, 0, 0, 0, 0, 0, 0, 0, 0, 0, 0, 0
219, 16, 164, 54, 27, 69, 24, 56, 0, 0, 0, 0, 0, 0, 0, 0, 0, 0, 0, 0, 0
220, 47, 134, 30, 34, 77, 35, 53, 0, 0, 0, 0, 0, 0, 0, 0, 0, 0, 0, 0, 0
221, 12, 139, 55, 22, 76, 49, 57, 0, 0, 0, 0, 0, 0, 0, 0, 0, 0, 0, 0, 0
222, 22, 137, 46, 33, 69, 43, 60, 0, 0, 0, 0, 0, 0, 0, 0, 0, 0, 0, 0, 0
223, 48, 145, 35, 25, 66, 21, 70, 0, 0, 0, 0, 0, 0, 0, 0, 0, 0, 0, 0, 0
224, 13, 124, 62, 26, 76, 61, 48, 0, 0, 0, 0, 0, 0, 0, 0, 0, 0, 0, 0, 0
225, 40, 133, 30, 36, 87, 27, 57, 0, 0, 0, 0, 0, 0, 0, 0, 0, 0, 0, 0, 0
226, 14, 129, 54, 21, 77, 58, 57, 0, 0, 0, 0, 0, 0, 0, 0, 0, 0, 0, 0, 0
227, 44, 135, 26, 41, 80, 24, 60, 0, 0, 0, 0, 0, 0, 0, 0, 0, 0, 0, 0, 0
228, 14, 164, 58, 22, 76, 22, 54, 0, 0, 0, 0, 0, 0, 0, 0, 0, 0, 0, 0, 0
229, 44, 140, 18, 34, 80, 31, 63, 0, 0, 0, 0, 0, 0, 0, 0, 0, 0, 0, 0, 0
230, 16, 142, 54, 24, 69, 47, 58, 0, 0, 0, 0, 0, 0, 0, 0, 0, 0, 0, 0, 0
231, 21, 118, 51, 23, 75, 64, 58, 0, 0, 0, 0, 0, 0, 0, 0, 0, 0, 0, 0, 0
232, 33, 141, 33, 41, 66, 21, 75, 0, 0, 0, 0, 0, 0, 0, 0, 0, 0, 0, 0, 0
233, 25, 162, 50, 25, 71, 22, 55, 0, 0, 0, 0, 0, 0, 0, 0, 0, 0, 0, 0, 0
234, 25, 138, 51, 19, 70, 50, 57, 0, 0, 0, 0, 0, 0, 0, 0, 0, 0, 0, 0, 0
235, 48, 141, 25, 38, 76, 24, 58, 0, 0, 0, 0, 0, 0, 0, 0, 0, 0, 0, 0, 0
236, 23, 140, 56, 23, 64, 47, 57, 0, 0, 0, 0, 0, 0, 0, 0, 0, 0, 0, 0, 0
237, 42, 142, 27, 34, 82, 26, 57, 0, 0, 0, 0, 0, 0, 0, 0, 0, 0, 0, 0, 0
238, 12, 155, 55, 23, 76, 32, 57, 0, 0, 0, 0, 0, 0, 0, 0, 0, 0, 0, 0, 0
239, 44, 136, 30, 34, 80, 33, 53, 0, 0, 0, 0, 0, 0, 0, 0, 0, 0, 0, 0, 0
240, 16, 164, 54, 27, 69, 24, 56, 0, 0, 0, 0, 0, 0, 0, 0, 0, 0, 0, 0, 0
241, 47, 134, 30, 34, 77, 35, 53, 0, 0, 0, 0, 0, 0, 0, 0, 0, 0, 0, 0, 0
242, 12, 139, 55, 22, 76, 49, 57, 0, 0, 0, 0, 0, 0, 0, 0, 0, 0, 0, 0, 0
243, 22, 137, 46, 33, 69, 43, 60, 0, 0, 0, 0, 0, 0, 0, 0, 0, 0, 0, 0, 0
244, 48, 145, 35, 25, 66, 21, 70, 0, 0, 0, 0, 0, 0, 0, 0, 0, 0, 0, 0, 0
245, 13, 124, 62, 26, 76, 61, 48, 0, 0, 0, 0, 0, 0, 0, 0, 0, 0, 0, 0, 0
246, 40, 133, 30, 36, 87, 27, 57, 0, 0, 0, 0, 0, 0, 0, 0, 0, 0, 0, 0, 0
247, 14, 129, 54, 21, 77, 58, 57, 0, 0, 0, 0, 0, 0, 0, 0, 0, 0, 0, 0, 0
248, 44, 135, 26, 41, 80, 24, 60, 0, 0, 0, 0, 0, 0, 0, 0, 0, 0, 0, 0, 0
249, 14, 164, 58, 22, 76, 22, 54, 0, 0, 0, 0, 0, 0, 0, 0, 0, 0, 0, 0, 0
250, 44, 140, 18, 34, 80, 31, 63, 0, 0, 0, 0, 0, 0, 0, 0, 0, 0, 0, 0, 0
251, 16, 142, 54, 24, 69, 47, 58, 0, 0, 0, 0, 0, 0, 0, 0, 0, 0, 0, 0, 0
252, 21, 118, 51, 23, 75, 64, 58, 0, 0, 0, 0, 0, 0, 0, 0, 0, 0, 0, 0, 0
253, 33, 141, 33, 41, 66, 21, 75, 0, 0, 0, 0, 0, 0, 0, 0, 0, 0, 0, 0, 0
254, 25, 162, 50, 25, 71, 22, 55, 0, 0, 0, 0, 0, 0, 0, 0, 0, 0, 0, 0, 0
255, 25, 138, 51, 19, 70, 50, 57, 0, 0, 0, 0, 0, 0, 0, 0, 0, 0, 0, 0, 0
256, 48, 141, 25, 38, 76, 24, 58, 0, 0, 0, 0, 0, 0, 0, 0, 0, 0, 0, 0, 0
257, 23, 140, 56, 23, 64, 47, 57, 0, 0, 0, 0, 0, 0, 0, 0, 0, 0, 0, 0, 0
258, 42, 142, 27, 34, 82, 26, 57, 0, 0, 0, 0, 0, 0, 0, 0, 0, 0, 0, 0, 0
259, 12, 155, 55, 23, 76, 32, 57, 0, 0, 0, 0, 0, 0, 0, 0, 0, 0, 0, 0, 0
260, 44, 136, 30, 34, 80, 33, 53, 0, 0, 0, 0, 0, 0, 0, 0, 0, 0, 0, 0, 0
261, 16, 164, 54, 27, 69, 24, 56, 0, 0, 0, 0, 0, 0, 0, 0, 0, 0, 0, 0, 0
262, 47, 134, 30, 34, 77, 35, 53, 0, 0, 0, 0, 0, 0, 0, 0, 0, 0, 0, 0, 0
263, 12, 139, 55, 22, 76, 49, 57, 0, 0, 0, 0, 0, 0, 0, 0, 0, 0, 0, 0, 0
264, 22, 137, 46, 33, 69, 43, 60, 0, 0, 0, 0, 0, 0, 0, 0, 0, 0, 0, 0, 0
265, 48, 145, 35, 25, 66, 21, 70, 0, 0, 0, 0, 0, 0, 0, 0, 0, 0, 0, 0, 0
266, 13, 124, 62, 26, 76, 61, 48, 0, 0, 0, 0, 0, 0, 0, 0, 0, 0, 0, 0, 0
267, 40, 133, 30, 36, 87, 27, 57, 0, 0, 0, 0, 0, 0, 0, 0, 0, 0, 0, 0, 0
268, 14, 129, 54, 21, 77, 58, 57, 0, 0, 0, 0, 0, 0, 0, 0, 0, 0, 0, 0, 0
269, 44, 135, 26, 41, 80, 24, 60, 0, 0, 0, 0, 0, 0, 0, 0, 0, 0, 0, 0, 0
270, 14, 164, 58, 22, 76, 22, 54, 0, 0, 0, 0, 0, 0, 0, 0, 0, 0, 0, 0, 0
271, 44, 140, 18, 34, 80, 31, 63, 0, 0, 0, 0, 0, 0, 0, 0, 0, 0, 0, 0, 0
272, 16, 142, 54, 24, 69, 47, 58, 0, 0, 0, 0, 0, 0, 0, 0, 0, 0, 0, 0, 0
273, 21, 118, 51, 23, 75, 64, 58, 0, 0, 0, 0, 0, 0, 0, 0, 0, 0, 0, 0, 0
274, 33, 141, 33, 41, 66, 21, 75, 0, 0, 0, 0, 0, 0, 0, 0, 0, 0, 0, 0, 0
275, 25, 162, 50, 25, 71, 22, 55, 0, 0, 0, 0, 0, 0, 0, 0, 0, 0, 0, 0, 0
276, 25, 138, 51, 19, 70, 50, 57, 0, 0, 0, 0, 0, 0, 0, 0, 0, 0, 0, 0, 0
277, 48, 141, 25, 38, 76, 24, 58, 0, 0, 0, 0, 0, 0, 0, 0, 0, 0, 0, 0, 0
278, 23, 140, 56, 23, 64, 47, 57, 0, 0, 0, 0, 0, 0, 0, 0, 0, 0, 0, 0, 0
279, 42, 142, 27, 34, 82, 26, 57, 0, 0, 0, 0, 0, 0, 0, 0, 0, 0, 0, 0, 0
280, 12, 155, 55, 23, 76, 32, 57, 0, 0, 0, 0, 0, 0, 0, 0, 0, 0, 0, 0, 0
281, 44, 136, 30, 34, 80, 33, 53, 0, 0, 0, 0, 0, 0, 0, 0, 0, 0, 0, 0, 0
282, 16, 164, 54, 27, 69, 24, 56, 0, 0, 0, 0, 0, 0, 0, 0, 0, 0, 0, 0, 0
283, 47, 134, 30, 34, 77, 35, 53, 0, 0, 0, 0, 0, 0, 0, 0, 0, 0, 0, 0, 0
284, 12, 139, 55, 22, 76, 49, 57, 0, 0, 0, 0, 0, 0, 0, 0, 0, 0, 0, 0, 0
285, 22, 137, 46, 33, 69, 43, 60, 0, 0, 0, 0, 0, 0, 0, 0, 0, 0, 0, 0, 0
286, 48, 145, 35, 25, 66, 21, 70, 0, 0, 0, 0, 0, 0, 0, 0, 0, 0, 0, 0, 0
287, 13, 124, 62, 26, 76, 61, 48, 0, 0, 0, 0, 0, 0, 0, 0, 0, 0, 0, 0, 0
288, 40, 133, 30, 36, 87, 27, 57, 0, 0, 0, 0, 0, 0, 0, 0, 0, 0, 0, 0, 0
289, 14, 129, 54, 21, 77, 58, 57, 0, 0, 0, 0, 0, 0, 0, 0, 0, 0, 0, 0, 0
290, 44, 135, 26, 41, 80, 24, 60, 0, 0, 0, 0, 0, 0, 0, 0, 0, 0, 0, 0, 0
291, 14, 164, 58, 22, 76, 22, 54, 0, 0, 0, 0, 0, 0, 0, 0, 0, 0, 0, 0, 0
292, 44, 140, 18, 34, 80, 31, 63, 0, 0, 0, 0, 0, 0, 0, 0, 0, 0, 0, 0, 0
293, 16, 142, 54, 24, 69, 47, 58, 0, 0, 0, 0, 0, 0, 0, 0, 0, 0, 0, 0, 0
294, 21, 118, 51, 23, 75, 64, 58, 0, 0, 0, 0, 0, 0, 0, 0, 0, 0, 0, 0, 0
295, 33, 141, 33, 41, 66, 21, 75, 0, 0, 0, 0, 0, 0, 0, 0, 0, 0, 0, 0, 0
296, 25, 162, 50, 25, 71, 22, 55, 0, 0, 0, 0, 0, 0, 0, 0, 0, 0, 0, 0, 0
297, 25, 138, 51, 19, 70, 50, 57, 0, 0, 0, 0, 0, 0, 0, 0, 0, 0, 0, 0, 0
298, 48, 141, 25, 38, 76, 24, 58, 0, 0, 0, 0, 0, 0, 0, 0, 0, 0, 0, 0, 0
299, 23, 140, 56, 23, 64, 47, 57, 0, 0, 0, 0, 0, 0, 0, 0, 0, 0, 0, 0, 0
300, 42, 142, 27, 34, 82, 26, 57, 0, 0, 0, 0, 0, 0, 0, 0, 0, 0, 0, 0, 0
301, 12, 155, 55, 23, 76, 32, 57, 0, 0, 0, 0, 0, 0, 0, 0, 0, 0, 0, 0, 0
302, 44, 136, 30, 34, 80, 33, 53, 0, 0, 0, 0, 0, 0, 0, 0, 0, 0, 0, 0, 0
303, 16, 164, 54, 27, 69, 24, 56, 0, 0, 0, 0, 0, 0, 0, 0, 0, 0, 0, 0, 0
304, 47, 134, 30, 34, 77, 35, 53, 0, 0, 0, 0, 0, 0, 0, 0, 0, 0, 0, 0, 0
305, 12, 139, 55, 22, 76, 49, 57, 0, 0, 0, 0, 0, 0, 0, 0, 0, 0, 0, 0, 0
306, 22, 137, 46, 33, 69, 43, 60, 0, 0, 0, 0, 0, 0, 0, 0, 0, 0, 0, 0, 0
307, 48, 145, 35, 25, 66, 21, 70, 0, 0, 0, 0, 0, 0, 0, 0, 0, 0, 0, 0, 0
308, 13, 124, 62, 26, 76, 61, 48, 0, 0, 0, 0, 0, 0, 0, 0, 0, 0, 0, 0, 0
309, 40, 133, 30, 36, 87, 27, 57, 0, 0, 0, 0, 0, 0, 0, 0, 0, 0, 0, 0, 0
310, 14, 129, 54, 21, 77, 58, 57, 0, 0, 0, 0, 0, 0, 0, 0, 0, 0, 0, 0, 0
311, 44, 135, 26, 41, 80, 24, 60, 0, 0, 0, 0, 0, 0, 0, 0, 0, 0, 0, 0, 0
312, 14, 164, 58, 22, 76, 22, 54, 0, 0, 0, 0, 0, 0, 0, 0, 0, 0, 0, 0, 0
313, 44, 140, 18, 34, 80, 31, 63, 0, 0, 0, 0, 0, 0, 0, 0, 0, 0, 0, 0, 0
314, 16, 142, 54, 24, 69, 47, 58, 0, 0, 0, 0, 0, 0, 0, 0, 0, 0, 0, 0, 0
315, 21, 118, 51, 23, 75, 64, 58, 0, 0, 0, 0, 0, 0, 0, 0, 0, 0, 0, 0, 0
316, 33, 141, 33, 41, 66, 21, 75, 0, 0, 0, 0, 0, 0, 0, 0, 0, 0, 0, 0, 0
317, 25, 162, 50, 25, 71, 22, 55, 0, 0, 0, 0, 0, 0, 0, 0, 0, 0, 0, 0, 0
318, 25, 138, 51, 19, 70, 50, 57, 0, 0, 0, 0, 0, 0, 0, 0, 0, 0, 0, 0, 0
319, 48, 141, 25, 38, 76, 24, 58, 0, 0, 0, 0, 0, 0, 0, 0, 0, 0, 0, 0, 0
320, 23, 140, 56, 23, 64, 47, 57, 0, 0, 0, 0, 0, 0, 0, 0, 0, 0, 0, 0, 0
321, 42, 142, 27, 34, 82, 26, 57, 0, 0, 0, 0, 0, 0, 0, 0, 0, 0, 0, 0, 0
322, 12, 155, 55, 23, 76, 32, 57, 0, 0, 0, 0, 0, 0, 0, 0, 0, 0, 0, 0, 0
323, 44, 136, 30, 34, 80, 33, 53, 0, 0, 0, 0, 0, 0, 0, 0, 0, 0, 0, 0, 0
324, 16, 164, 54, 27, 69, 24, 56, 0, 0, 0, 0, 0, 0, 0, 0, 0, 0, 0, 0, 0
325, 47, 134, 30, 34, 77, 35, 53, 0, 0, 0, 0, 0, 0, 0, 0, 0, 0, 0, 0, 0
326, 12, 139, 55, 22, 76, 49, 57, 0, 0, 0, 0, 0, 0, 0, 0, 0, 0, 0, 0, 0
327, 22, 137, 46, 33, 69, 43, 60, 0, 0, 0, 0, 0, 0, 0, 0, 0, 0, 0, 0, 0
328, 48, 145, 35, 25, 66, 21, 70, 0, 0, 0, 0, 0, 0, 0, 0, 0, 0, 0, 0, 0
329, 13, 124, 62, 26, 76, 61, 48, 0, 0, 0, 0, 0, 0, 0, 0, 0, 0, 0, 0, 0
330, 40, 133, 30, 36, 87, 27, 57, 0, 0, 0, 0, 0, 0, 0, 0, 0, 0, 0, 0, 0
331, 14, 129, 54, 21, 77, 58, 57, 0, 0, 0, 0, 0, 0, 0, 0, 0, 0, 0, 0, 0
332, 44, 135, 26, 41, 80, 24, 60, 0, 0, 0, 0, 0, 0, 0, 0, 0, 0, 0, 0, 0
333, 14, 164, 58, 22, 76, 22, 54, 0, 0, 0, 0, 0, 0, 0, 0, 0, 0, 0, 0, 0
334, 44, 140, 18, 34, 80, 31, 63, 0, 0, 0, 0, 0, 0, 0, 0, 0, 0, 0, 0, 0
335, 16, 142, 54, 24, 69, 47, 58, 0, 0, 0, 0, 0, 0, 0, 0, 0, 0, 0, 0, 0
336, 21, 118, 51, 23, 75, 64, 58, 0, 0, 0, 0, 0, 0, 0, 0, 0, 0, 0, 0, 0
337, 33, 141, 33, 41, 66, 21, 75, 0, 0, 0, 0, 0, 0, 0, 0, 0, 0, 0, 0, 0
338, 25, 162, 50, 25, 71, 22, 55, 0, 0, 0, 0, 0, 0, 0, 0, 0, 0, 0, 0, 0
339, 25, 138, 51, 19, 70, 50, 57, 0, 0, 0, 0, 0, 0, 0, 0, 0, 0, 0, 0, 0
340, 48, 141, 25, 38, 76, 24, 58, 0, 0, 0, 0, 0, 0, 0, 0, 0, 0, 0, 0, 0
341, 23, 140, 56, 23, 64, 47, 57, 0, 0, 0, 0, 0, 0, 0, 0, 0, 0, 0, 0, 0
342, 42, 142, 27, 34, 82, 26, 57, 0, 0, 0, 0, 0, 0, 0, 0, 0, 0, 0, 0, 0
343, 12, 155, 55, 23, 76, 32, 57, 0, 0, 0, 0, 0, 0, 0, 0, 0, 0, 0, 0, 0
344, 44, 136, 30, 34, 80, 33, 53, 0, 0, 0, 0, 0, 0, 0, 0, 0, 0, 0, 0, 0
345, 16, 164, 54, 27, 69, 24, 56, 0, 0, 0, 0, 0, 0, 0, 0, 0, 0, 0, 0, 0
346, 47, 134, 30, 34, 77, 35, 53, 0, 0, 0, 0, 0, 0, 0, 0, 0, 0, 0, 0, 0
347, 12, 139, 55, 22, 76, 49, 57, 0, 0, 0, 0, 0, 0, 0, 0, 0, 0, 0, 0, 0
348, 22, 137, 46, 33, 69, 43, 60, 0, 0, 0, 0, 0, 0, 0, 0, 0, 0, 0, 0, 0
349, 48, 145, 35, 25, 66, 21, 70, 0, 0, 0, 0, 0, 0, 0, 0, 0, 0, 0, 0, 0
350, 13, 124, 62, 26, 76, 61, 48, 0, 0, 0, 0, 0, 0, 0, 0, 0, 0, 0, 0, 0
351, 40, 133, 30, 36, 87, 27, 57, 0, 0, 0, 0, 0, 0, 0, 0, 0, 0, 0, 0, 0
352, 14, 129, 54, 21, 77, 58, 57, 0, 0, 0, 0, 0, 0, 0, 0, 0, 0, 0, 0, 0
353, 44, 135, 26, 41, 80, 24, 60, 0, 0, 0, 0, 0, 0, 0, 0, 0, 0, 0, 0, 0
354, 14, 164, 58, 22, 76, 22, 54, 0, 0, 0, 0, 0, 0, 0, 0, 0, 0, 0, 0, 0
355, 44, 140, 18, 34, 80, 31, 63, 0, 0, 0, 0, 0, 0, 0, 0, 0, 0, 0, 0, 0
356, 16, 142, 54, 24, 69, 47, 58, 0, 0, 0, 0, 0, 0, 0, 0, 0, 0, 0, 0, 0
357, 21, 118, 51, 23, 75, 64, 58, 0, 0, 0, 0, 0, 0, 0, 0, 0, 0, 0, 0, 0
358, 33, 141, 33, 41, 66, 21, 75, 0, 0, 0, 0, 0, 0, 0, 0, 0, 0, 0, 0, 0
359, 25, 162, 50, 25, 71, 22, 55, 0, 0, 0, 0, 0, 0, 0, 0, 0, 0, 0, 0, 0
360, 25, 138, 51, 19, 70, 50, 57, 0, 0, 0, 0, 0, 0, 0, 0, 0, 0, 0, 0, 0
361, 48, 141, 25, 38, 76, 24, 58, 0, 0, 0, 0, 0, 0, 0, 0, 0, 0, 0, 0, 0
362, 23, 140, 56, 23, 64, 47, 57, 0, 0, 0, 0, 0, 0, 0, 0, 0, 0, 0, 0, 0
363, 42, 142, 27, 34, 82, 26, 57, 0, 0, 0, 0, 0, 0, 0, 0, 0, 0, 0, 0, 0
364, 12, 155, 55, 23, 76, 32, 57, 0, 0, 0, 0, 0, 0, 0, 0, 0, 0, 0, 0, 0
365, 44, 136, 30, 34, 80, 33, 53, 0, 0, 0, 0, 0, 0, 0, 0, 0, 0, 0, 0, 0
366, 16, 164, 54, 27, 69, 24, 56, 0, 0, 0, 0, 0, 0, 0, 0, 0, 0, 0, 0, 0
367, 47, 134, 30, 34, 77, 35, 53, 0, 0, 0, 0, 0, 0, 0, 0, 0, 0, 0, 0, 0
368, 12, 139, 55, 22, 76, 49, 57, 0, 0, 0, 0, 0, 0, 0, 0, 0, 0, 0, 0, 0
369, 22, 137, 46, 33, 69, 43, 60, 0, 0, 0, 0, 0, 0, 0, 0, 0, 0, 0, 0, 0
370, 48, 145, 35, 25, 66, 21, 70, 0, 0, 0, 0, 0, 0, 0, 0, 0, 0, 0, 0, 0
371, 13, 124, 62, 26, 76, 61, 48, 0, 0, 0, 0, 0, 0, 0, 0, 0, 0, 0, 0, 0
372, 40, 133, 30, 36, 87, 27, 57, 0, 0, 0, 0, 0, 0, 0, 0, 0, 0, 0, 0, 0
373, 14, 129, 54, 21, 77, 58, 57, 0, 0, 0, 0, 0, 0, 0, 0, 0, 0, 0, 0, 0
374, 44, 135, 26, 41, 80, 24, 60, 0, 0, 0, 0, 0, 0, 0, 0, 0, 0, 0, 0, 0
375, 14, 164, 58, 22, 76, 22, 54, 0, 0, 0, 0, 0, 0, 0, 0, 0, 0, 0, 0, 0
376, 44, 140, 18, 34, 80, 31, 63, 0, 0, 0, 0, 0, 0, 0, 0, 0, 0, 0, 0, 0
377, 16, 142, 54, 24, 69, 47, 58, 0, 0, 0, 0, 0, 0, 0, 0, 0, 0, 0, 0, 0
378, 21, 118, 51, 23, 75, 64, 58, 0, 0, 0, 0, 0, 0, 0, 0, 0, 0, 0, 0, 0
379, 33, 141, 33, 41, 66, 21, 75, 0, 0, 0, 0, 0, 0, 0, 0, 0, 0, 0, 0, 0
380, 25, 162, 50, 25, 71, 22, 55, 0, 0, 0, 0, 0, 0, 0, 0, 0, 0, 0, 0, 0
381, 25, 138, 51, 19, 70, 50, 57, 0, 0, 0, 0, 0, 0, 0, 0, 0, 0, 0, 0, 0
382, 48, 141, 25, 38, 76, 24, 58, 0, 0, 0, 0, 0, 0, 0, 0, 0, 0, 0, 0, 0
383, 23, 140, 56, 23, 64, 47, 57, 0, 0, 0, 0, 0, 0, 0, 0, 0, 0, 0, 0, 0
384, 42, 142, 27, 34, 82, 26, 57, 0, 0, 0, 0, 0, 0, 0, 0, 0, 0, 0, 0, 0
385, 12, 155, 55, 23, 76, 32, 57, 0, 0, 0, 0, 0, 0, 0, 0, 0, 0, 0, 0, 0
386, 44, 136, 30, 34, 80, 33, 53, 0, 0, 0, 0, 0, 0, 0, 0, 0, 0, 0, 0, 0
387, 16, 164, 54, 27, 69, 24, 56, 0, 0, 0, 0, 0, 0, 0, 0, 0, 0, 0, 0, 0
388, 47, 134, 30, 34, 77, 35, 53, 0, 0, 0, 0, 0, 0, 0, 0, 0, 0, 0, 0, 0
389, 12, 139, 55, 22, 76, 49, 57, 0, 0, 0, 0, 0, 0, 0, 0, 0, 0, 0, 0, 0
390, 22, 137, 46, 33, 69, 43, 60, 0, 0, 0, 0, 0, 0, 0, 0, 0, 0, 0, 0, 0
391, 48, 145, 35, 25, 66, 21, 70, 0, 0, 0, 0, 0, 0, 0, 0, 0, 0, 0, 0, 0
392, 13, 124, 62, 26, 76, 61, 48, 0, 0, 0, 0, 0, 0, 0, 0, 0, 0, 0, 0, 0
393, 40, 133, 30, 36, 87, 27, 57, 0, 0, 0, 0, 0, 0, 0, 0, 0, 0, 0, 0, 0
394, 14, 129, 54, 21, 77, 58, 57, 0, 0, 0, 0, 0, 0, 0, 0, 0, 0, 0, 0, 0
395, 44, 135, 26, 41, 80, 24, 60, 0, 0, 0, 0, 0, 0, 0, 0, 0, 0, 0, 0, 0
396, 14, 164, 58, 22, 76, 22, 54, 0, 0, 0, 0, 0, 0, 0, 0, 0, 0, 0, 0, 0
397, 44, 140, 18, 34, 80, 31, 63, 0, 0, 0, 0, 0, 0, 0, 0, 0, 0, 0, 0, 0
398, 16, 142, 54, 24, 69, 47, 58, 0, 0, 0, 0, 0, 0, 0, 0, 0, 0, 0, 0, 0
399, 21, 118, 51, 23, 75, 64, 58, 0, 0, 0, 0, 0, 0, 0, 0, 0, 0, 0, 0, 0
400, 33, 141, 33, 41, 66, 21, 75, 0, 0, 0, 0, 0, 0, 0, 0, 0, 0, 0, 0, 0
401, 25, 162, 50, 25, 71, 22, 55, 0, 0, 0, 0, 0, 0, 0, 0, 0, 0, 0, 0, 0
402, 25, 138, 51, 19, 70, 50, 57, 0, 0, 0, 0, 0, 0, 0, 0, 0, 0, 0, 0, 0
403, 48, 141, 25, 38, 76, 24, 58, 0, 0, 0, 0, 0, 0, 0, 0, 0, 0, 0, 0, 0
404, 23, 140, 56, 23, 64, 47, 57, 0, 0, 0, 0, 0, 0, 0, 0, 0, 0, 0, 0, 0
405, 42, 142, 27, 34, 82, 26, 57, 0, 0, 0, 0, 0, 0, 0, 0, 0, 0, 0, 0, 0
406, 12, 155, 55, 23, 76, 32, 57, 0, 0, 0, 0, 0, 0, 0, 0, 0, 0, 0, 0, 0
407, 44, 136, 30, 34, 80, 33, 53, 0, 0, 0, 0, 0, 0, 0, 0, 0, 0, 0, 0, 0
408, 16, 164, 54, 27, 69, 24, 56, 0, 0, 0, 0, 0, 0, 0, 0, 0, 0, 0, 0, 0
409, 47, 134, 30, 34, 77, 35, 53, 0, 0, 0, 0, 0, 0, 0, 0, 0, 0, 0, 0, 0
410, 12, 139, 55, 22, 76, 49, 57, 0, 0, 0, 0, 0, 0, 0, 0, 0, 0, 0, 0, 0
411, 22, 137, 46, 33, 69, 43, 60, 0, 0, 0, 0, 0, 0, 0, 0, 0, 0, 0, 0, 0
412, 48, 145, 35, 25, 66, 21, 70, 0, 0, 0, 0, 0, 0, 0, 0, 0, 0, 0, 0, 0
413, 13, 124, 62, 26, 76, 61, 48, 0, 0, 0, 0, 0, 0, 0, 0, 0, 0, 0, 0, 0
414, 40, 133, 30, 36, 87, 27, 57, 0, 0, 0, 0, 0, 0, 0, 0, 0, 0, 0, 0, 0
415, 14, 129, 54, 21, 77, 58, 57, 0, 0, 0, 0, 0, 0, 0, 0, 0, 0, 0, 0, 0
416, 44, 135, 26, 41, 80, 24, 60, 0, 0, 0, 0, 0, 0, 0, 0, 0, 0, 0, 0, 0
417, 14, 164, 58, 22, 76, 22, 54, 0, 0, 0, 0, 0, 0, 0, 0, 0, 0, 0, 0, 0
418, 44, 140, 18, 34, 80, 31, 63, 0, 0, 0, 0, 0, 0, 0, 0, 0, 0, 0, 0, 0
419, 16, 142, 54, 24, 69, 47, 58, 0, 0, 0, 0, 0, 0, 0, 0, 0, 0, 0, 0, 0
420, 21, 118, 51, 23, 75, 64, 58, 0, 0, 0, 0, 0, 0, 0, 0, 0, 0, 0, 0, 0
421, 33, 141, 33, 41, 66, 21, 75, 0, 0, 0, 0, 0, 0, 0, 0, 0, 0, 0, 0, 0
422, 25, 162, 50, 25, 71, 22, 55, 0, 0, 0, 0, 0, 0, 0, 0, 0, 0, 0, 0, 0
423, 25, 138, 51, 19, 70, 50, 57, 0, 0, 0, 0, 0, 0, 0, 0, 0, 0, 0, 0, 0
424, 48, 141, 25, 38, 76, 24, 58, 0, 0, 0, 0, 0, 0, 0, 0, 0, 0, 0, 0, 0
425, 23, 140, 56, 23, 64, 47, 57, 0, 0, 0, 0, 0, 0, 0, 0, 0, 0, 0, 0, 0
426, 42, 142, 27, 34, 82, 26, 57, 0, 0, 0, 0, 0, 0, 0, 0, 0, 0, 0, 0, 0
427, 12, 155, 55, 23, 76, 32, 57, 0, 0, 0, 0, 0, 0, 0, 0, 0, 0, 0, 0, 0
428, 44, 136, 30, 34, 80, 33, 53, 0, 0, 0, 0, 0, 0, 0, 0, 0, 0, 0, 0, 0
429, 16, 164, 54, 27, 69, 24, 56, 0, 0, 0, 0, 0, 0, 0, 0, 0, 0, 0, 0, 0
430, 47, 134, 30, 34, 77, 35, 53, 0, 0, 0, 0, 0, 0, 0, 0, 0, 0, 0, 0, 0
431, 12, 139, 55, 22, 76, 49, 57, 0, 0, 0, 0, 0, 0, 0, 0, 0, 0, 0, 0, 0
432, 22, 137, 46, 33, 69, 43, 60, 0, 0, 0, 0, 0, 0, 0, 0, 0, 0, 0, 0, 0
433, 48, 145, 35, 25, 66, 21, 70, 0, 0, 0, 0, 0, 0, 0, 0, 0, 0, 0, 0, 0
434, 13, 124, 62, 26, 76, 61, 48, 0, 0, 0, 0, 0, 0, 0, 0, 0, 0, 0, 0, 0
435, 40, 133, 30, 36, 87, 27, 57, 0, 0, 0, 0, 0, 0, 0, 0, 0, 0, 0, 0, 0
436, 14, 129, 54, 21, 77, 58, 57, 0, 0, 0, 0, 0, 0, 0, 0, 0, 0, 0, 0, 0
437, 44, 135, 26, 41, 80, 24, 60, 0, 0, 0, 0, 0, 0, 0, 0, 0, 0, 0, 0, 0
438, 14, 164, 58, 22, 76, 22, 54, 0, 0, 0, 0, 0, 0, 0, 0, 0, 0, 0, 0, 0
439, 44, 140, 18, 34, 80, 31, 63, 0, 0, 0, 0, 0, 0, 0, 0, 0, 0, 0, 0, 0
440, 16, 142, 54, 24, 69, 47, 58, 0, 0, 0, 0, 0, 0, 0, 0, 0, 0, 0, 0, 0
441, 21, 118, 51, 23, 75, 64, 58, 0, 0, 0, 0, 0, 0, 0, 0, 0, 0, 0, 0, 0
442, 33, 141, 33, 41, 66, 21, 75, 0, 0, 0, 0, 0, 0, 0, 0, 0, 0, 0, 0, 0
443, 25, 162, 50, 25, 71, 22, 55, 0, 0, 0, 0, 0, 0, 0, 0, 0, 0, 0, 0, 0
444, 25, 138, 51, 19, 70, 50, 57, 0, 0, 0, 0, 0, 0, 0, 0, 0, 0, 0, 0, 0
445, 48, 141, 25, 38, 76, 24, 58, 0, 0, 0, 0, 0, 0, 0, 0, 0, 0, 0, 0, 0
446, 23, 140, 56, 23, 64, 47, 57, 0, 0, 0, 0, 0, 0, 0, 0, 0, 0, 0, 0, 0
447, 42, 142, 27, 34, 82, 26, 57, 0, 0, 0, 0, 0, 0, 0, 0, 0, 0, 0, 0, 0
448, 12, 155, 55, 23, 76, 32, 57, 0, 0, 0, 0, 0, 0, 0, 0, 0, 0, 0, 0, 0
449, 44, 136, 30, 34, 80, 33, 53, 0, 0, 0, 0, 0, 0, 0, 0, 0, 0, 0, 0, 0
450, 16, 164, 54, 27, 69, 24, 56, 0, 0, 0, 0, 0, 0, 0, 0, 0, 0, 0, 0, 0
451, 47, 134, 30, 34, 77, 35, 53, 0, 0, 0, 0, 0, 0, 0, 0, 0, 0, 0, 0, 0
452, 12, 139, 55, 22, 76, 49, 57, 0, 0, 0, 0, 0, 0, 0, 0, 0, 0, 0, 0, 0
453, 22, 137, 46, 33, 69, 43, 60, 0, 0, 0, 0, 0, 0, 0, 0, 0, 0, 0, 0, 0
454, 48, 145, 35, 25, 66, 21, 70, 0, 0, 0, 0, 0, 0, 0, 0, 0, 0, 0, 0, 0
455, 13, 124, 62, 26, 76, 61, 48, 0, 0, 0, 0, 0, 0, 0, 0, 0, 0, 0, 0, 0
456, 40, 133, 30, 36, 87, 27, 57, 0, 0, 0, 0, 0, 0, 0, 0, 0, 0, 0, 0, 0
457, 14, 129, 54, 21, 77, 58, 57, 0, 0, 0, 0, 0, 0, 0, 0, 0, 0, 0, 0, 0
458, 44, 135, 26, 41, 80, 24, 60, 0, 0, 0, 0, 0, 0, 0, 0, 0, 0, 0, 0, 0
459, 14, 164, 58, 22, 76, 22, 54, 0, 0, 0, 0, 0, 0, 0, 0, 0, 0, 0, 0, 0
460, 44, 140, 18, 34, 80, 31, 63, 0, 0, 0, 0, 0, 0, 0, 0, 0, 0, 0, 0, 0
461, 16, 142, 54, 24, 69, 47, 58, 0, 0, 0, 0, 0, 0, 0, 0, 0, 0, 0, 0, 0
462, 21, 118, 51, 23, 75, 64, 58, 0, 0, 0, 0, 0, 0, 0, 0, 0, 0, 0, 0, 0
463, 33, 141, 33, 41, 66, 21, 75, 0, 0, 0, 0, 0, 0, 0, 0, 0, 0, 0, 0, 0
464, 25, 162, 50, 25, 71, 22, 55, 0, 0, 0, 0, 0, 0, 0, 0, 0, 0, 0, 0, 0
465, 25, 138, 51, 19, 70, 50, 57, 0, 0, 0, 0, 0, 0, 0, 0, 0, 0, 0, 0, 0
466, 48, 141, 25, 38, 76, 24, 58, 0, 0, 0, 0, 0, 0, 0, 0, 0, 0, 0, 0, 0
467, 23, 140, 56, 23, 64, 47, 57, 0, 0, 0, 0, 0, 0, 0, 0, 0, 0, 0, 0, 0
468, 42, 142, 27, 34, 82, 26, 57, 0, 0, 0, 0, 0, 0, 0, 0, 0, 0, 0, 0, 0
469, 12, 155, 55, 23, 76, 32, 57, 0, 0, 0, 0, 0, 0, 0, 0, 0, 0, 0, 0, 0
470, 44, 136, 30, 34, 80, 33, 53, 0, 0, 0, 0, 0, 0, 0, 0, 0, 0, 0, 0, 0
471, 16, 164, 54, 27, 69, 24, 56, 0, 0, 0, 0, 0, 0, 0, 0, 0, 0, 0, 0, 0
472, 47, 134, 30, 34, 77, 35, 53, 0, 0, 0, 0, 0, 0, 0, 0, 0, 0, 0, 0, 0
473, 12, 139, 55, 22, 76, 49, 57, 0, 0, 0, 0, 0, 0, 0, 0, 0, 0, 0, 0, 0
474, 22, 137, 46, 33, 69, 43, 60, 0, 0, 0, 0, 0, 0, 0, 0, 0, 0, 0, 0, 0
475, 48, 145, 35, 25, 66, 21, 70, 0, 0, 0, 0, 0, 0, 0, 0, 0, 0, 0, 0, 0
476, 13, 124, 62, 26, 76, 61, 48, 0, 0, 0, 0, 0, 0, 0, 0, 0, 0, 0, 0, 0
477, 40, 133, 30, 36, 87, 27, 57, 0, 0, 0, 0, 0, 0, 0, 0, 0, 0, 0, 0, 0
478, 14, 129, 54, 21, 77, 58, 57, 0, 0, 0, 0, 0, 0, 0, 0, 0, 0, 0, 0, 0
479, 44, 135, 26, 41, 80, 24, 60, 0, 0, 0, 0, 0, 0, 0, 0, 0, 0, 0, 0, 0
480, 14, 164, 58, 22, 76, 22, 54, 0, 0, 0, 0, 0, 0, 0, 0, 0, 0, 0, 0, 0
481, 44, 140, 18, 34, 80, 31, 63, 0, 0, 0, 0, 0, 0, 0, 0, 0, 0, 0, 0, 0
482, 16, 142, 54, 24, 69, 47, 58, 0, 0, 0, 0, 0, 0, 0, 0, 0, 0, 0, 0, 0
483, 21, 118, 51, 23, 75, 64, 58, 0, 0, 0, 0, 0, 0, 0, 0, 0, 0, 0, 0, 0
484, 33, 141, 33, 41, 66, 21, 75, 0, 0, 0, 0, 0, 0, 0, 0, 0, 0, 0, 0, 0
485, 25, 162, 50, 25, 71, 22, 55, 0, 0, 0, 0, 0, 0, 0, 0, 0, 0, 0, 0, 0
486, 25, 138, 51, 19, 70, 50, 57, 0, 0, 0, 0, 0, 0, 0, 0, 0, 0, 0, 0, 0
487, 48, 141, 25, 38, 76, 24, 58, 0, 0, 0, 0, 0, 0, 0, 0, 0, 0, 0, 0, 0
488, 23, 140, 56, 23, 64, 47, 57, 0, 0, 0, 0, 0, 0, 0, 0, 0, 0, 0, 0, 0
489, 42, 142, 27, 34, 82, 26, 57, 0, 0, 0, 0, 0, 0, 0, 0, 0, 0, 0, 0, 0
490, 12, 155, 55, 23, 76, 32, 57, 0, 0, 0, 0, 0, 0, 0, 0, 0, 0, 0, 0, 0
491, 44, 136, 30, 34, 80, 33, 53, 0, 0, 0, 0, 0, 0, 0, 0, 0, 0, 0, 0, 0
492, 16, 164, 54, 27, 69, 24, 56, 0, 0, 0, 0, 0, 0, 0, 0, 0, 0, 0, 0, 0
493, 47, 134, 30, 34, 77, 35, 53, 0, 0, 0, 0, 0, 0, 0, 0, 0, 0, 0, 0, 0
494, 12, 139, 55, 22, 76, 49, 57, 0, 0, 0, 0, 0, 0, 0, 0, 0, 0, 0, 0, 0
495, 22, 137, 46, 33, 69, 43, 60, 0, 0, 0, 0, 0, 0, 0, 0, 0, 0, 0, 0, 0
496, 48, 145, 35, 25, 66, 21, 70, 0, 0, 0, 0, 0, 0, 0, 0, 0, 0, 0, 0, 0
497, 13, 124, 62, 26, 76, 61, 48, 0, 0, 0, 0, 0, 0, 0, 0, 0, 0, 0, 0, 0
498, 40, 133, 30, 36, 87, 27, 57, 0, 0, 0, 0, 0, 0, 0, 0, 0, 0, 0, 0, 0
499, 14, 129, 54, 21, 77, 58, 57, 0, 0, 0, 0, 0, 0, 0, 0, 0, 0, 0, 0, 0
500, 44, 135, 26, 41, 80, 24, 60, 0, 0, 0, 0, 0, 0, 0, 0, 0, 0, 0, 0, 0
501, 14, 164, 58, 22, 76, 22, 54, 0, 0, 0, 0, 0, 0, 0, 0, 0, 0, 0, 0, 0
502, 44, 140, 18, 34, 80, 31, 63, 0, 0, 0, 0, 0, 0, 0, 0, 0, 0, 0, 0, 0
503, 16, 142, 54, 24, 69, 47, 58, 0, 0, 0, 0, 0, 0, 0, 0, 0, 0, 0, 0, 0
504, 21, 118, 51, 23, 75, 64, 58, 0, 0, 0, 0, 0, 0, 0, 0, 0, 0, 0, 0, 0
505, 33, 141, 33, 41, 66, 21, 75, 0, 0, 0, 0, 0, 0, 0, 0, 0, 0, 0, 0, 0
506, 25, 162, 50, 25, 71, 22, 55, 0, 0, 0, 0, 0, 0, 0, 0, 0, 0, 0, 0, 0
507, 25, 138, 51, 19, 70, 50, 57, 0, 0, 0, 0, 0, 0, 0, 0, 0, 0, 0, 0, 0
508, 48, 141, 25, 38, 76, 24, 58, 0, 0, 0, 0, 0, 0, 0, 0, 0, 0, 0, 0, 0
509, 23, 140, 56, 23, 64, 47, 57, 0, 0, 0, 0, 0, 0, 0, 0, 0, 0, 0, 0, 0
510, 42, 142, 27, 34, 82, 26, 57, 0, 0, 0, 0, 0, 0, 0, 0, 0, 0, 0, 0, 0
511, 12, 155, 55, 23, 76, 32, 57, 0, 0, 0, 0, 0, 0, 0, 0, 0, 0, 0, 0, 0
512, 44, 136, 30, 34, 80, 33, 53, 0, 0, 0, 0, 0, 0, 0, 0, 0, 0, 0, 0, 0
513, 16, 164, 54, 27, 69, 24, 56, 0, 0, 0, 0, 0, 0, 0, 0, 0, 0, 0, 0, 0
514, 47, 134, 30, 34, 77, 35, 53, 0, 0, 0, 0, 0, 0, 0, 0, 0, 0, 0, 0, 0
515, 12, 139, 55, 22, 76, 49, 57, 0, 0, 0, 0, 0, 0, 0, 0, 0, 0, 0, 0, 0
516, 22, 137, 46, 33, 69, 43, 60, 0, 0, 0, 0, 0, 0, 0, 0, 0, 0, 0, 0, 0
517, 48, 145, 35, 25, 66, 21, 70, 0, 0, 0, 0, 0, 0, 0, 0, 0, 0, 0, 0, 0
518, 13, 124, 62, 26, 76, 61, 48, 0, 0, 0, 0, 0, 0, 0, 0, 0, 0, 0, 0, 0
519, 40, 133, 30, 36, 87, 27, 57, 0, 0, 0, 0, 0, 0, 0, 0, 0, 0, 0, 0, 0
520, 14, 129, 54, 21, 77, 58, 57, 0, 0, 0, 0, 0, 0, 0, 0, 0, 0, 0, 0, 0
521, 44, 135, 26, 41, 80, 24, 60, 0, 0, 0, 0, 0, 0, 0, 0, 0, 0, 0, 0, 0
522, 14, 164, 58, 22, 76, 22, 54, 0, 0, 0, 0, 0, 0, 0, 0, 0, 0, 0, 0, 0
523, 44, 140, 18, 34, 80, 31, 63, 0, 0, 0, 0, 0, 0, 0, 0, 0, 0, 0, 0, 0
524, 16, 142, 54, 24, 69, 47, 58, 0, 0, 0, 0, 0, 0, 0, 0, 0, 0, 0, 0, 0
525, 21, 118, 51, 23, 75, 64, 58, 0, 0, 0, 0, 0, 0, 0, 0, 0, 0, 0, 0, 0
526, 33, 141, 33, 41, 66, 21, 75, 0, 0, 0, 0, 0, 0, 0, 0, 0, 0, 0, 0, 0
527, 25, 162, 50, 25, 71, 22, 55, 0, 0, 0, 0, 0, 0, 0, 0, 0, 0, 0, 0, 0
528, 25, 138, 51, 19, 70, 50, 57, 0, 0, 0, 0, 0, 0, 0, 0, 0, 0, 0, 0, 0
529, 48, 141, 25, 38, 76, 24, 58, 0, 0, 0, 0, 0, 0, 0, 0, 0, 0, 0, 0, 0
530, 23, 140, 56, 23, 64, 47, 57, 0, 0, 0, 0, 0, 0, 0, 0, 0, 0, 0, 0, 0
531, 42, 142, 27, 34, 82, 26, 57, 0, 0, 0, 0, 0, 0, 0, 0, 0, 0, 0, 0, 0
532, 12, 155, 55, 23, 76, 32, 57, 0, 0, 0, 0, 0, 0, 0, 0, 0, 0, 0, 0, 0
533, 44, 136, 30, 34, 80, 33, 53, 0, 0, 0, 0, 0, 0, 0, 0, 0, 0, 0, 0, 0
534, 16, 164, 54, 27, 69, 24, 56, 0, 0, 0, 0, 0, 0, 0, 0, 0, 0, 0, 0, 0
535, 47, 134, 30, 34, 77, 35, 53, 0, 0, 0, 0, 0, 0, 0, 0, 0, 0, 0, 0, 0
536, 12, 139, 55, 22, 76, 49, 57, 0, 0, 0, 0, 0, 0, 0, 0, 0, 0, 0, 0, 0
537, 22, 137, 46, 33, 69, 43, 60, 0, 0, 0, 0, 0, 0, 0, 0, 0, 0, 0, 0, 0
538, 48, 145, 35, 25, 66, 21, 70, 0, 0, 0, 0, 0, 0, 0, 0, 0, 0, 0, 0, 0
539, 13, 124, 62, 26, 76, 61, 48, 0, 0, 0, 0, 0, 0, 0, 0, 0, 0, 0, 0, 0
540, 40, 133, 30, 36, 87, 27, 57, 0, 0, 0, 0, 0, 0, 0, 0, 0, 0, 0, 0, 0
541, 14, 129, 54, 21, 77, 58, 57, 0, 0, 0, 0, 0, 0, 0, 0, 0, 0, 0, 0, 0
542, 44, 135, 26, 41, 80, 24, 60, 0, 0, 0, 0, 0, 0, 0, 0, 0, 0, 0, 0, 0
543, 14, 164, 58, 22, 76, 22, 54, 0, 0, 0, 0, 0, 0, 0, 0, 0, 0, 0, 0, 0
544, 44, 140, 18, 34, 80, 31, 63, 0, 0, 0, 0, 0, 0, 0, 0, 0, 0, 0, 0, 0
545, 16, 142, 54, 24, 69, 47, 58, 0, 0, 0, 0, 0, 0, 0, 0, 0, 0, 0, 0, 0
546, 21, 118, 51, 23, 75, 64, 58, 0, 0, 0, 0, 0, 0, 0, 0, 0, 0, 0, 0, 0
547, 33, 141, 33, 41, 66, 21, 75, 0, 0, 0, 0, 0, 0, 0, 0, 0, 0, 0, 0, 0
548, 25, 162, 50, 25, 71, 22, 55, 0, 0, 0, 0, 0, 0, 0, 0, 0, 0, 0, 0, 0
549, 25, 138, 51, 19, 70, 50, 57, 0, 0, 0, 0, 0, 0, 0, 0, 0, 0, 0, 0, 0
550, 48, 141, 25, 38, 76, 24, 58, 0, 0, 0, 0, 0, 0, 0, 0, 0, 0, 0, 0, 0
551, 23, 140, 56, 23, 64, 47, 57, 0, 0, 0, 0, 0, 0, 0, 0, 0, 0, 0, 0, 0
552, 42, 142, 27, 34, 82, 26, 57, 0, 0, 0, 0, 0, 0, 0, 0, 0, 0, 0, 0, 0
553, 12, 155, 55, 23, 76, 32, 57, 0, 0, 0, 0, 0, 0, 0, 0, 0, 0, 0, 0, 0
554, 44, 136, 30, 34, 80, 33, 53, 0, 0, 0, 0, 0, 0, 0, 0, 0, 0, 0, 0, 0
555, 16, 164, 54, 27, 69, 24, 56, 0, 0, 0, 0, 0, 0, 0, 0, 0, 0, 0, 0, 0
556, 47, 134, 30, 34, 77, 35, 53, 0, 0, 0, 0, 0, 0, 0, 0, 0, 0, 0, 0, 0
557, 12, 139, 55, 22, 76, 49, 57, 0, 0, 0, 0, 0, 0, 0, 0, 0, 0, 0, 0, 0
558, 22, 137, 46, 33, 69, 43, 60, 0, 0, 0, 0, 0, 0, 0, 0, 0, 0, 0, 0, 0
559, 48, 145, 35, 25, 66, 21, 70, 0, 0, 0, 0, 0, 0, 0, 0, 0, 0, 0, 0, 0
560, 13, 124, 62, 26, 76, 61, 48, 0, 0, 0, 0, 0, 0, 0, 0, 0, 0, 0, 0, 0
561, 40, 133, 30, 36, 87, 27, 57, 0, 0, 0, 0, 0, 0, 0, 0, 0, 0, 0, 0, 0
562, 14, 129, 54, 21, 77, 58, 57, 0, 0, 0, 0, 0, 0, 0, 0, 0, 0, 0, 0, 0
563, 44, 135, 26, 41, 80, 24, 60, 0, 0, 0, 0, 0, 0, 0, 0, 0, 0, 0, 0, 0
564, 14, 164, 58, 22, 76, 22, 54, 0, 0, 0, 0, 0, 0, 0, 0, 0, 0, 0, 0, 0
565, 44, 140, 18, 34, 80, 31, 63, 0, 0, 0, 0, 0, 0, 0, 0, 0, 0, 0, 0, 0
566, 16, 142, 54, 24, 69, 47, 58, 0, 0, 0, 0, 0, 0, 0, 0, 0, 0, 0, 0, 0
567, 21, 118, 51, 23, 75, 64, 58, 0, 0, 0, 0, 0, 0, 0, 0, 0, 0, 0, 0, 0
568, 33, 141, 33, 41, 66, 21, 75, 0, 0, 0, 0, 0, 0, 0, 0, 0, 0, 0, 0, 0
569, 25, 162, 50, 25, 71, 22, 55, 0, 0, 0, 0, 0, 0, 0, 0, 0, 0, 0, 0, 0
570, 25, 138, 51, 19, 70, 50, 57, 0, 0, 0, 0, 0, 0, 0, 0, 0, 0, 0, 0, 0
571, 48, 141, 25, 38, 76, 24, 58, 0, 0, 0, 0, 0, 0, 0, 0, 0, 0, 0, 0, 0
572, 23, 140, 56, 23, 64, 47, 57, 0, 0, 0, 0, 0, 0, 0, 0, 0, 0, 0, 0, 0
573, 42, 142, 27, 34, 82, 26, 57, 0, 0, 0, 0, 0, 0, 0, 0, 0, 0, 0, 0, 0
574, 12, 155, 55, 23, 76, 32, 57, 0, 0, 0, 0, 0, 0, 0, 0, 0, 0, 0, 0, 0
575, 44, 136, 30, 34, 80, 33, 53, 0, 0, 0, 0, 0, 0, 0, 0, 0, 0, 0, 0, 0
576, 16, 164, 54, 27, 69, 24, 56, 0, 0, 0, 0, 0, 0, 0, 0, 0, 0, 0, 0, 0
577, 47, 134, 30, 34, 77, 35, 53, 0, 0, 0, 0, 0, 0, 0, 0, 0, 0, 0, 0, 0
578, 12, 139, 55, 22, 76, 49, 57, 0, 0, 0, 0, 0, 0, 0, 0, 0, 0, 0, 0, 0
579, 22, 137, 46, 33, 69, 43, 60, 0, 0, 0, 0, 0, 0, 0, 0, 0, 0, 0, 0, 0
580, 48, 145, 35, 25, 66, 21, 70, 0, 0, 0, 0, 0, 0, 0, 0, 0, 0, 0, 0, 0
581, 13, 124, 62, 26, 76, 61, 48, 0, 0, 0, 0, 0, 0, 0, 0, 0, 0, 0, 0, 0
582, 40, 133, 30, 36, 87, 27, 57, 0, 0, 0, 0, 0, 0, 0, 0, 0, 0, 0, 0, 0
583, 14, 129, 54, 21, 77, 58, 57, 0, 0, 0, 0, 0, 0, 0, 0, 0, 0, 0, 0, 0
584, 44, 135, 26, 41, 80, 24, 60, 0, 0, 0, 0, 0, 0, 0, 0, 0, 0, 0, 0, 0
585, 14, 164, 58, 22, 76, 22, 54, 0, 0, 0, 0, 0, 0, 0, 0, 0, 0, 0, 0, 0
586, 44, 140, 18, 34, 80, 31, 63, 0, 0, 0, 0, 0, 0, 0, 0, 0, 0, 0, 0, 0
587, 16, 142, 54, 24, 69, 47, 58, 0, 0, 0, 0, 0, 0, 0, 0, 0, 0, 0, 0, 0
588, 21, 118, 51, 23, 75, 64, 58, 0, 0, 0, 0, 0, 0, 0, 0, 0, 0, 0, 0, 0
589, 33, 141, 33, 41, 66, 21, 75, 0, 0, 0, 0, 0, 0, 0, 0, 0, 0, 0, 0, 0
590, 25, 162, 50, 25, 71, 22, 55, 0, 0, 0, 0, 0, 0, 0, 0, 0, 0, 0, 0, 0
591, 25, 138, 51, 19, 70, 50, 57, 0, 0, 0, 0, 0, 0, 0, 0, 0, 0, 0, 0, 0
592, 48, 141, 25, 38, 76, 24, 58, 0, 0, 0, 0, 0, 0, 0, 0, 0, 0, 0, 0, 0
593, 23, 140, 56, 23, 64, 47, 57, 0, 0, 0, 0, 0, 0, 0, 0, 0, 0, 0, 0, 0
594, 42, 142, 27, 34, 82, 26, 57, 0, 0, 0, 0, 0, 0, 0, 0, 0, 0, 0, 0, 0
595, 12, 155, 55, 23, 76, 32, 57, 0, 0, 0, 0, 0, 0, 0, 0, 0, 0, 0, 0, 0
596, 44, 136, 30, 34, 80, 33, 53, 0, 0, 0, 0, 0, 0, 0, 0, 0, 0, 0, 0, 0
597, 16, 164, 54, 27, 69, 24, 56, 0, 0, 0, 0, 0, 0, 0, 0, 0, 0, 0, 0, 0
598, 47, 134, 30, 34, 77, 35, 53, 0, 0, 0, 0, 0, 0, 0, 0, 0, 0, 0, 0, 0
599, 12, 139, 55, 22, 76, 49, 57, 0, 0, 0, 0, 0, 0, 0, 0, 0, 0, 0, 0, 0
600, 22, 137, 46, 33, 69, 43, 60, 0, 0, 0, 0, 0, 0, 0, 0, 0, 0, 0, 0, 0
601, 48, 145, 35, 25, 66, 21, 70, 0, 0, 0, 0, 0, 0, 0, 0, 0, 0, 0, 0, 0
602, 13, 124, 62, 26, 76, 61, 48, 0, 0, 0, 0, 0, 0, 0, 0, 0, 0, 0, 0, 0
603, 40, 133, 30, 36, 87, 27, 57, 0, 0, 0, 0, 0, 0, 0, 0, 0, 0, 0, 0, 0
604, 14, 129, 54, 21, 77, 58, 57, 0, 0, 0, 0, 0, 0, 0, 0, 0, 0, 0, 0, 0
605, 44, 135, 26, 41, 80, 24, 60, 0, 0, 0, 0, 0, 0, 0, 0, 0, 0, 0, 0, 0
606, 14, 164, 58, 22, 76, 22, 54, 0, 0, 0, 0, 0, 0, 0, 0, 0, 0, 0, 0, 0
607, 44, 140, 18, 34, 80, 31, 63, 0, 0, 0, 0, 0, 0, 0, 0, 0, 0, 0, 0, 0
608, 16, 142, 54, 24, 69, 47, 58, 0, 0, 0, 0, 0, 0, 0, 0, 0, 0, 0, 0, 0
609, 21, 118, 51, 23, 75, 64, 58, 0, 0, 0, 0, 0, 0, 0, 0, 0, 0, 0, 0, 0
610, 33, 141, 33, 41, 66, 21, 75, 0, 0, 0, 0, 0, 0, 0, 0, 0, 0, 0, 0, 0
611, 25, 162, 50, 25, 71, 22, 55, 0, 0, 0, 0, 0, 0, 0, 0, 0, 0, 0, 0, 0
612, 25, 138, 51, 19, 70, 50, 57, 0, 0, 0, 0, 0, 0, 0, 0, 0, 0, 0, 0, 0
613, 48, 141, 25, 38, 76, 24, 58, 0, 0, 0, 0, 0, 0, 0, 0, 0, 0, 0, 0, 0
614, 23, 140, 56, 23, 64, 47, 57, 0, 0, 0, 0, 0, 0, 0, 0, 0, 0, 0, 0, 0
615, 42, 142, 27, 34, 82, 26, 57, 0, 0, 0, 0, 0, 0, 0, 0, 0, 0, 0, 0, 0
616, 12, 155, 55, 23, 76, 32, 57, 0, 0, 0, 0, 0, 0, 0, 0, 0, 0, 0, 0, 0
617, 44, 136, 30, 34, 80, 33, 53, 0, 0, 0, 0, 0, 0, 0, 0, 0, 0, 0, 0, 0
618, 16, 164, 54, 27, 69, 24, 56, 0, 0, 0, 0, 0, 0, 0, 0, 0, 0, 0, 0, 0
619, 47, 134, 30, 34, 77, 35, 53, 0, 0, 0, 0, 0, 0, 0, 0, 0, 0, 0, 0, 0
620, 12, 139, 55, 22, 76, 49, 57, 0, 0, 0, 0, 0, 0, 0, 0, 0, 0, 0, 0, 0
621, 22, 137, 46, 33, 69, 43, 60, 0, 0, 0, 0, 0, 0, 0, 0, 0, 0, 0, 0, 0
622, 48, 145, 35, 25, 66, 21, 70, 0, 0, 0, 0, 0, 0, 0, 0, 0, 0, 0, 0, 0
623, 13, 124, 62, 26, 76, 61, 48, 0, 0, 0, 0, 0, 0, 0, 0, 0, 0, 0, 0, 0
624, 40, 133, 30, 36, 87, 27, 57, 0, 0, 0, 0, 0, 0, 0, 0, 0, 0, 0, 0, 0
625, 14, 129, 54, 21, 77, 58, 57, 0, 0, 0, 0, 0, 0, 0, 0, 0, 0, 0, 0, 0
626, 44, 135, 26, 41, 80, 24, 60, 0, 0, 0, 0, 0, 0, 0, 0, 0, 0, 0, 0, 0
627, 14, 164, 58, 22, 76, 22, 54, 0, 0, 0, 0, 0, 0, 0, 0, 0, 0, 0, 0, 0
628, 44, 140, 18, 34, 80, 31, 63, 0, 0, 0, 0, 0, 0, 0, 0, 0, 0, 0, 0, 0
629, 16, 142, 54, 24, 69, 47, 58, 0, 0, 0, 0, 0, 0, 0, 0, 0, 0, 0, 0, 0
630, 21, 118, 51, 23, 75, 64, 58, 0, 0, 0, 0, 0, 0, 0, 0, 0, 0, 0, 0, 0
631, 33, 141, 33, 41, 66, 21, 75, 0, 0, 0, 0, 0, 0, 0, 0, 0, 0, 0, 0, 0
632, 25, 162, 50, 25, 71, 22, 55, 0, 0, 0, 0, 0, 0, 0, 0, 0, 0, 0, 0, 0
633, 25, 138, 51, 19, 70, 50, 57, 0, 0, 0, 0, 0, 0, 0, 0, 0, 0, 0, 0, 0
634, 48, 141, 25, 38, 76, 24, 58, 0, 0, 0, 0, 0, 0, 0, 0, 0, 0, 0, 0, 0
635, 23, 140, 56, 23, 64, 47, 57, 0, 0, 0, 0, 0, 0, 0, 0, 0, 0, 0, 0, 0
636, 42, 142, 27, 34, 82, 26, 57, 0, 0, 0, 0, 0, 0, 0, 0, 0, 0, 0, 0, 0
637, 12, 155, 55, 23, 76, 32, 57, 0, 0, 0, 0, 0, 0, 0, 0, 0, 0, 0, 0, 0
638, 44, 136, 30, 34, 80, 33, 53, 0, 0, 0, 0, 0, 0, 0, 0, 0, 0, 0, 0, 0
639, 16, 164, 54, 27, 69, 24, 56, 0, 0, 0, 0, 0, 0, 0, 0, 0, 0, 0, 0, 0
640, 47, 134, 30, 34, 77, 35, 53, 0, 0, 0, 0, 0, 0, 0, 0, 0, 0, 0, 0, 0
641, 12, 139, 55, 22, 76, 49, 57, 0, 0, 0, 0, 0, 0, 0, 0, 0, 0, 0, 0, 0
642, 22, 137, 46, 33, 69, 43, 60, 0, 0, 0, 0, 0, 0, 0, 0, 0, 0, 0, 0, 0
643, 48, 145, 35, 25, 66, 21, 70, 0, 0, 0, 0, 0, 0, 0, 0, 0, 0, 0, 0, 0
644, 13, 124, 62, 26, 76, 61, 48, 0, 0, 0, 0, 0, 0, 0, 0, 0, 0, 0, 0, 0
645, 40, 133, 30, 36, 87, 27, 57, 0, 0, 0, 0, 0, 0, 0, 0, 0, 0, 0, 0, 0
646, 14, 129, 54, 21, 77, 58, 57, 0, 0, 0, 0, 0, 0, 0, 0, 0, 0, 0, 0, 0
647, 44, 135, 26, 41, 80, 24, 60, 0, 0, 0, 0, 0, 0, 0, 0, 0, 0, 0, 0, 0
648, 14, 164, 58, 22, 76, 22, 54, 0, 0, 0, 0, 0, 0, 0, 0, 0, 0, 0, 0, 0
649, 44, 140, 18, 34, 80, 31, 63, 0, 0, 0, 0, 0, 0, 0, 0, 0, 0, 0, 0, 0
650, 16, 142, 54, 24, 69, 47, 58, 0, 0, 0, 0, 0, 0, 0, 0, 0, 0, 0, 0, 0
651, 21, 118, 51, 23, 75, 64, 58, 0, 0, 0, 0, 0, 0, 0, 0, 0, 0, 0, 0, 0
652, 33, 141, 33, 41, 66, 21, 75, 0, 0, 0, 0, 0, 0, 0, 0, 0, 0, 0, 0, 0
653, 25, 162, 50, 25, 71, 22, 55, 0, 0, 0, 0, 0, 0, 0, 0, 0, 0, 0, 0, 0
654, 25, 138, 51, 19, 70, 50, 57, 0, 0, 0, 0, 0, 0, 0, 0, 0, 0, 0, 0, 0
655, 48, 141, 25, 38, 76, 24, 58, 0, 0, 0, 0, 0, 0, 0, 0, 0, 0, 0, 0, 0
656, 23, 140, 56, 23, 64, 47, 57, 0, 0, 0, 0, 0, 0, 0, 0, 0, 0, 0, 0, 0
657, 42, 142, 27, 34, 82, 26, 57, 0, 0, 0, 0, 0, 0, 0, 0, 0, 0, 0, 0, 0
658, 12, 155, 55, 23, 76, 32, 57, 0, 0, 0, 0, 0, 0, 0, 0, 0, 0, 0, 0, 0
659, 44, 136, 30, 34, 80, 33, 53, 0, 0, 0, 0, 0, 0, 0, 0, 0, 0, 0, 0, 0
660, 16, 164, 54, 27, 69, 24, 56, 0, 0, 0, 0, 0, 0, 0, 0, 0, 0, 0, 0, 0
661, 47, 134, 30, 34, 77, 35, 53, 0, 0, 0, 0, 0, 0, 0, 0, 0, 0, 0, 0, 0
662, 12, 139, 55, 22, 76, 49, 57, 0, 0, 0, 0, 0, 0, 0, 0, 0, 0, 0, 0, 0
663, 22, 137, 46, 33, 69, 43, 60, 0, 0, 0, 0, 0, 0, 0, 0, 0, 0, 0, 0, 0
664, 48, 145, 35, 25, 66, 21, 70, 0, 0, 0, 0, 0, 0, 0, 0, 0, 0, 0, 0, 0
665, 13, 124, 62, 26, 76, 61, 48, 0, 0, 0, 0, 0, 0, 0, 0, 0, 0, 0, 0, 0
666, 40, 133, 30, 36, 87, 27, 57, 0, 0, 0, 0, 0, 0, 0, 0, 0, 0, 0, 0, 0
667, 14, 129, 54, 21, 77, 58, 57, 0, 0, 0, 0, 0, 0, 0, 0, 0, 0, 0, 0, 0
668, 44, 135, 26, 41, 80, 24, 60, 0, 0, 0, 0, 0, 0, 0, 0, 0, 0, 0, 0, 0
669, 14, 164, 58, 22, 76, 22, 54, 0, 0, 0, 0, 0, 0, 0, 0, 0, 0, 0, 0, 0
670, 44, 140, 18, 34, 80, 31, 63, 0, 0, 0, 0, 0, 0, 0, 0, 0, 0, 0, 0, 0
671, 16, 142, 54, 24, 69, 47, 58, 0, 0, 0, 0, 0, 0, 0, 0, 0, 0, 0, 0, 0
672, 21, 118, 51, 23, 75, 64, 58, 0, 0, 0, 0, 0, 0, 0, 0, 0, 0, 0, 0, 0
673, 33, 141, 33, 41, 66, 21, 75, 0, 0, 0, 0, 0, 0, 0, 0, 0, 0, 0, 0, 0
674, 25, 162, 50, 25, 71, 22, 55, 0, 0, 0, 0, 0, 0, 0, 0, 0, 0, 0, 0, 0
675, 25, 138, 51, 19, 70, 50, 57, 0, 0, 0, 0, 0, 0, 0, 0, 0, 0, 0, 0, 0
676, 48, 141, 25, 38, 76, 24, 58, 0, 0, 0, 0, 0, 0, 0, 0, 0, 0, 0, 0, 0
677, 23, 140, 56, 23, 64, 47, 57, 0, 0, 0, 0, 0, 0, 0, 0, 0, 0, 0, 0, 0
678, 42, 142, 27, 34, 82, 26, 57, 0, 0, 0, 0, 0, 0, 0, 0, 0, 0, 0, 0, 0
679, 12, 155, 55, 23, 76, 32, 57, 0, 0, 0, 0, 0, 0, 0, 0, 0, 0, 0, 0, 0
680, 44, 136, 30, 34, 80, 33, 53, 0, 0, 0, 0, 0, 0, 0, 0, 0, 0, 0, 0, 0
681, 16, 164, 54, 27, 69, 24, 56, 0, 0, 0, 0, 0, 0, 0, 0, 0, 0, 0, 0, 0
682, 47, 134, 30, 34, 77, 35, 53, 0, 0, 0, 0, 0, 0, 0, 0, 0, 0, 0, 0, 0
683, 12, 139, 55, 22, 76, 49, 57, 0, 0, 0, 0, 0, 0, 0, 0, 0, 0, 0, 0, 0
684, 22, 137, 46, 33, 69, 43, 60, 0, 0, 0, 0, 0, 0, 0, 0, 0, 0, 0, 0, 0
685, 48, 145, 35, 25, 66, 21, 70, 0, 0, 0, 0, 0, 0, 0, 0, 0, 0, 0, 0, 0
686, 13, 124, 62, 26, 76, 61, 48, 0, 0, 0, 0, 0, 0, 0, 0, 0, 0, 0, 0, 0
687, 40, 133, 30, 36, 87, 27, 57, 0, 0, 0, 0, 0, 0, 0, 0, 0, 0, 0, 0, 0
688, 14, 129, 54, 21, 77, 58, 57, 0, 0, 0, 0, 0, 0, 0, 0, 0, 0, 0, 0, 0
689, 44, 135, 26, 41, 80, 24, 60, 0, 0, 0, 0, 0, 0, 0, 0, 0, 0, 0, 0, 0
690, 14, 164, 58, 22, 76, 22, 54, 0, 0, 0, 0, 0, 0, 0, 0, 0, 0, 0, 0, 0
691, 44, 140, 18, 34, 80, 31, 63, 0, 0, 0, 0, 0, 0, 0, 0, 0, 0, 0, 0, 0
692, 16, 142, 54, 24, 69, 47, 58, 0, 0, 0, 0, 0, 0, 0, 0, 0, 0, 0, 0, 0
693, 21, 118, 51, 23, 75, 64, 58, 0, 0, 0, 0, 0, 0, 0, 0, 0, 0, 0, 0, 0
694, 33, 141, 33, 41, 66, 21, 75, 0, 0, 0, 0, 0, 0, 0, 0, 0, 0, 0, 0, 0
695, 25, 162, 50, 25, 71, 22, 55, 0, 0, 0, 0, 0, 0, 0, 0, 0, 0, 0, 0, 0
696, 25, 138, 51, 19, 70, 50, 57, 0, 0, 0, 0, 0, 0, 0, 0, 0, 0, 0, 0, 0
697, 48, 141, 25, 38, 76, 24, 58, 0, 0, 0, 0, 0, 0, 0, 0, 0, 0, 0, 0, 0
698, 23, 140, 56, 23, 64, 47, 57, 0, 0, 0, 0, 0, 0, 0, 0, 0, 0, 0, 0, 0
699, 42, 142, 27, 34, 82, 26, 57, 0, 0, 0, 0, 0, 0, 0, 0, 0, 0, 0, 0, 0
700, 12, 155, 55, 23, 76, 32, 57, 0, 0, 0, 0, 0, 0, 0, 0, 0, 0, 0, 0, 0
701, 44, 136, 30, 34, 80, 33, 53, 0, 0, 0, 0, 0, 0, 0, 0, 0, 0, 0, 0, 0
702, 16, 164, 54, 27, 69, 24, 56, 0, 0, 0, 0, 0, 0, 0, 0, 0, 0, 0, 0, 0
703, 47, 134, 30, 34, 77, 35, 53, 0, 0, 0, 0, 0, 0, 0, 0, 0, 0, 0, 0, 0
704, 12, 139, 55, 22, 76, 49, 57, 0, 0, 0, 0, 0, 0, 0, 0, 0, 0, 0, 0, 0
705, 22, 137, 46, 33, 69, 43, 60, 0, 0, 0, 0, 0, 0, 0, 0, 0, 0, 0, 0, 0
706, 48, 145, 35, 25, 66, 21, 70, 0, 0, 0, 0, 0, 0, 0, 0, 0, 0, 0, 0, 0
707, 13, 124, 62, 26, 76, 61, 48, 0, 0, 0, 0, 0, 0, 0, 0, 0, 0, 0, 0, 0
708, 40, 133, 30, 36, 87, 27, 57, 0, 0, 0, 0, 0, 0, 0, 0, 0, 0, 0, 0, 0
709, 14, 129, 54, 21, 77, 58, 57, 0, 0, 0, 0, 0, 0, 0, 0, 0, 0, 0, 0, 0
710, 44, 135, 26, 41, 80, 24, 60, 0, 0, 0, 0, 0, 0, 0, 0, 0, 0, 0, 0, 0
711, 14, 164, 58, 22, 76, 22, 54, 0, 0, 0, 0, 0, 0, 0, 0, 0, 0, 0, 0, 0
712, 44, 140, 18, 34, 80, 31, 63, 0, 0, 0, 0, 0, 0, 0, 0, 0, 0, 0, 0, 0
713, 16, 142, 54, 24, 69, 47, 58, 0, 0, 0, 0, 0, 0, 0, 0, 0, 0, 0, 0, 0
714, 21, 118, 51, 23, 75, 64, 58, 0, 0, 0, 0, 0, 0, 0, 0, 0, 0, 0, 0, 0
715, 33, 141, 33, 41, 66, 21, 75, 0, 0, 0, 0, 0, 0, 0, 0, 0, 0, 0, 0, 0
716, 25, 162, 50, 25, 71, 22, 55, 0, 0, 0, 0, 0, 0, 0, 0, 0, 0, 0, 0, 0
717, 25, 138, 51, 19, 70, 50, 57, 0, 0, 0, 0, 0, 0, 0, 0, 0, 0, 0, 0, 0
718, 48, 141, 25, 38, 76, 24, 58, 0, 0, 0, 0, 0, 0, 0, 0, 0, 0, 0, 0, 0
719, 23, 140, 56, 23, 64, 47, 57, 0, 0, 0, 0, 0, 0, 0, 0, 0, 0, 0, 0, 0
720, 42, 142, 27, 34, 82, 26, 57, 0, 0, 0, 0, 0, 0, 0, 0, 0, 0, 0, 0, 0
721, 12, 155, 55, 23, 76, 32, 57, 0, 0, 0, 0, 0, 0, 0, 0, 0, 0, 0, 0, 0
722, 44, 136, 30, 34, 80, 33, 53, 0, 0, 0, 0, 0, 0, 0, 0, 0, 0, 0, 0, 0
723, 16, 164, 54, 27, 69, 24, 56, 0, 0, 0, 0, 0, 0, 0, 0, 0, 0, 0, 0, 0
724, 47, 134, 30, 34, 77, 35, 53, 0, 0, 0, 0, 0, 0, 0, 0, 0, 0, 0, 0, 0
725, 12, 139, 55, 22, 76, 49, 57, 0, 0, 0, 0, 0, 0, 0, 0, 0, 0, 0, 0, 0
726, 22, 137, 46, 33, 69, 43, 60, 0, 0, 0, 0, 0, 0, 0, 0, 0, 0, 0, 0, 0
727, 48, 145, 35, 25, 66, 21, 70, 0, 0, 0, 0, 0, 0, 0, 0, 0, 0, 0, 0, 0
728, 13, 124, 62, 26, 76, 61, 48, 0, 0, 0, 0, 0, 0, 0, 0, 0, 0, 0, 0, 0
729, 40, 133, 30, 36, 87, 27, 57, 0, 0, 0, 0, 0, 0, 0, 0, 0, 0, 0, 0, 0
730, 14, 129, 54, 21, 77, 58, 57, 0, 0, 0, 0, 0, 0, 0, 0, 0, 0, 0, 0, 0
731, 44, 135, 26, 41, 80, 24, 60, 0, 0, 0, 0, 0, 0, 0, 0, 0, 0, 0, 0, 0
732, 14, 164, 58, 22, 76, 22, 54, 0, 0, 0, 0, 0, 0, 0, 0, 0, 0, 0, 0, 0
733, 44, 140, 18, 34, 80, 31, 63, 0, 0, 0, 0, 0, 0, 0, 0, 0, 0, 0, 0, 0
734, 16, 142, 54, 24, 69, 47, 58, 0, 0, 0, 0, 0, 0, 0, 0, 0, 0, 0, 0, 0
735, 21, 118, 51, 23, 75, 64, 58, 0, 0, 0, 0, 0, 0, 0, 0, 0, 0, 0, 0, 0
736, 33, 141, 33, 41, 66, 21, 75, 0, 0, 0, 0, 0, 0, 0, 0, 0, 0, 0, 0, 0
737, 25, 162, 50, 25, 71, 22, 55, 0, 0, 0, 0, 0, 0, 0, 0, 0, 0, 0, 0, 0
738, 25, 138, 51, 19, 70, 50, 57, 0, 0, 0, 0, 0, 0, 0, 0, 0, 0, 0, 0, 0
739, 48, 141, 25, 38, 76, 24, 58, 0, 0, 0, 0, 0, 0, 0, 0, 0, 0, 0, 0, 0
740, 23, 140, 56, 23, 64, 47, 57, 0, 0, 0, 0, 0, 0, 0, 0, 0, 0, 0, 0, 0
741, 42, 142, 27, 34, 82, 26, 57, 0, 0, 0, 0, 0, 0, 0, 0, 0, 0, 0, 0, 0
742, 12, 155, 55, 23, 76, 32, 57, 0, 0, 0, 0, 0, 0, 0, 0, 0, 0, 0, 0, 0
743, 44, 136, 30, 34, 80, 33, 53, 0, 0, 0, 0, 0, 0, 0, 0, 0, 0, 0, 0, 0
744, 16, 164, 54, 27, 69, 24, 56, 0, 0, 0, 0, 0, 0, 0, 0, 0, 0, 0, 0, 0
745, 47, 134, 30, 34, 77, 35, 53, 0, 0, 0, 0, 0, 0, 0, 0, 0, 0, 0, 0, 0
746, 12, 139, 55, 22, 76, 49, 57, 0, 0, 0, 0, 0, 0, 0, 0, 0, 0, 0, 0, 0
747, 22, 137, 46, 33, 69, 43, 60, 0, 0, 0, 0, 0, 0, 0, 0, 0, 0, 0, 0, 0
748, 48, 145, 35, 25, 66, 21, 70, 0, 0, 0, 0, 0, 0, 0, 0, 0, 0, 0, 0, 0
749, 13, 124, 62, 26, 76, 61, 48, 0, 0, 0, 0, 0, 0, 0, 0, 0, 0, 0, 0, 0
750, 40, 133, 30, 36, 87, 27, 57, 0, 0, 0, 0, 0, 0, 0, 0, 0, 0, 0, 0, 0
751, 14, 129, 54, 21, 77, 58, 57, 0, 0, 0, 0, 0, 0, 0, 0, 0, 0, 0, 0, 0
752, 44, 135, 26, 41, 80, 24, 60, 0, 0, 0, 0, 0, 0, 0, 0, 0, 0, 0, 0, 0
753, 14, 164, 58, 22, 76, 22, 54, 0, 0, 0, 0, 0, 0, 0, 0, 0, 0, 0, 0, 0
754, 44, 140, 18, 34, 80, 31, 63, 0, 0, 0, 0, 0, 0, 0, 0, 0, 0, 0, 0, 0
755, 16, 142, 54, 24, 69, 47, 58, 0, 0, 0, 0, 0, 0, 0, 0, 0, 0, 0, 0, 0
756, 21, 118, 51, 23, 75, 64, 58, 0, 0, 0, 0, 0, 0, 0, 0, 0, 0, 0, 0, 0
757, 33, 141, 33, 41, 66, 21, 75, 0, 0, 0, 0, 0, 0, 0, 0, 0, 0, 0, 0, 0
758, 25, 162, 50, 25, 71, 22, 55, 0, 0, 0, 0, 0, 0, 0, 0, 0, 0, 0, 0, 0
759, 25, 138, 51, 19, 70, 50, 57, 0, 0, 0, 0, 0, 0, 0, 0, 0, 0, 0, 0, 0
760, 48, 141, 25, 38, 76, 24, 58, 0, 0, 0, 0, 0, 0, 0, 0, 0, 0, 0, 0, 0
761, 23, 140, 56, 23, 64, 47, 57, 0, 0, 0, 0, 0, 0, 0, 0, 0, 0, 0, 0, 0
762, 42, 142, 27, 34, 82, 26, 57, 0, 0, 0, 0, 0, 0, 0, 0, 0, 0, 0, 0, 0
763, 12, 155, 55, 23, 76, 32, 57, 0, 0, 0, 0, 0, 0, 0, 0, 0, 0, 0, 0, 0
764, 44, 136, 30, 34, 80, 33, 53, 0, 0, 0, 0, 0, 0, 0, 0, 0, 0, 0, 0, 0
765, 16, 164, 54, 27, 69, 24, 56, 0, 0, 0, 0, 0, 0, 0, 0, 0, 0, 0, 0, 0
766, 47, 134, 30, 34, 77, 35, 53, 0, 0, 0, 0, 0, 0, 0, 0, 0, 0, 0, 0, 0
767, 12, 139, 55, 22, 76, 49, 57, 0, 0, 0, 0, 0, 0, 0, 0, 0, 0, 0, 0, 0
768, 22, 137, 46, 33, 69, 43, 60, 0, 0, 0, 0, 0, 0, 0, 0, 0, 0, 0, 0, 0
769, 48, 145, 35, 25, 66, 21, 70, 0, 0, 0, 0, 0, 0, 0, 0, 0, 0, 0, 0, 0
770, 13, 124, 62, 26, 76, 61, 48, 0, 0, 0, 0, 0, 0, 0, 0, 0, 0, 0, 0, 0
771, 40, 133, 30, 36, 87, 27, 57, 0, 0, 0, 0, 0, 0, 0, 0, 0, 0, 0, 0, 0
772, 14, 129, 54, 21, 77, 58, 57, 0, 0, 0, 0, 0, 0, 0, 0, 0, 0, 0, 0, 0
773, 44, 135, 26, 41, 80, 24, 60, 0, 0, 0, 0, 0, 0, 0, 0, 0, 0, 0, 0, 0
774, 14, 164, 58, 22, 76, 22, 54, 0, 0, 0, 0, 0, 0, 0, 0, 0, 0, 0, 0, 0
775, 44, 140, 18, 34, 80, 31, 63, 0, 0, 0, 0, 0, 0, 0, 0, 0, 0, 0, 0, 0
776, 16, 142, 54, 24, 69, 47, 58, 0, 0, 0, 0, 0, 0, 0, 0, 0, 0, 0, 0, 0
777, 21, 118, 51, 23, 75, 64, 58, 0, 0, 0, 0, 0, 0, 0, 0, 0, 0, 0, 0, 0
778, 33, 141, 33, 41, 66, 21, 75, 0, 0, 0, 0, 0, 0, 0, 0, 0, 0, 0, 0, 0
779, 25, 162, 50, 25, 71, 22, 55, 0, 0, 0, 0, 0, 0, 0, 0, 0, 0, 0, 0, 0
780, 25, 138, 51, 19, 70, 50, 57, 0, 0, 0, 0, 0, 0, 0, 0, 0, 0, 0, 0, 0
781, 48, 141, 25, 38, 76, 24, 58, 0, 0, 0, 0, 0, 0, 0, 0, 0, 0, 0, 0, 0
782, 23, 140, 56, 23, 64, 47, 57, 0, 0, 0, 0, 0, 0, 0, 0, 0, 0, 0, 0, 0
783, 42, 142, 27, 34, 82, 26, 57, 0, 0, 0, 0, 0, 0, 0, 0, 0, 0, 0, 0, 0
784, 12, 155, 55, 23, 76, 32, 57, 0, 0, 0, 0, 0, 0, 0, 0, 0, 0, 0, 0, 0
785, 44, 136, 30, 34, 80, 33, 53, 0, 0, 0, 0, 0, 0, 0, 0, 0, 0, 0, 0, 0
786, 16, 164, 54, 27, 69, 24, 56, 0, 0, 0, 0, 0, 0, 0, 0, 0, 0, 0, 0, 0
787, 47, 134, 30, 34, 77, 35, 53, 0, 0, 0, 0, 0, 0, 0, 0, 0, 0, 0, 0, 0
788, 12, 139, 55, 22, 76, 49, 57, 0, 0, 0, 0, 0, 0, 0, 0, 0, 0, 0, 0, 0
789, 22, 137, 46, 33, 69, 43, 60, 0, 0, 0, 0, 0, 0, 0, 0, 0, 0, 0, 0, 0
790, 48, 145, 35, 25, 66, 21, 70, 0, 0, 0, 0, 0, 0, 0, 0, 0, 0, 0, 0, 0
791, 13, 124, 62, 26, 76, 61, 48, 0, 0, 0, 0, 0, 0, 0, 0, 0, 0, 0, 0, 0
792, 40, 133, 30, 36, 87, 27, 57, 0, 0, 0, 0, 0, 0, 0, 0, 0, 0, 0, 0, 0
793, 14, 129, 54, 21, 77, 58, 57, 0, 0, 0, 0, 0, 0, 0, 0, 0, 0, 0, 0, 0
794, 44, 135, 26, 41, 80, 24, 60, 0, 0, 0, 0, 0, 0, 0, 0, 0, 0, 0, 0, 0
795, 14, 164, 58, 22, 76, 22, 54, 0, 0, 0, 0, 0, 0, 0, 0, 0, 0, 0, 0, 0
796, 44, 140, 18, 34, 80, 31, 63, 0, 0, 0, 0, 0, 0, 0, 0, 0, 0, 0, 0, 0
797, 16, 142, 54, 24, 69, 47, 58, 0, 0, 0, 0, 0, 0, 0, 0, 0, 0, 0, 0, 0
798, 21, 118, 51, 23, 75, 64, 58, 0, 0, 0, 0, 0, 0, 0, 0, 0, 0, 0, 0, 0
799, 33, 141, 33, 41, 66, 21, 75, 0, 0, 0, 0, 0, 0, 0, 0, 0, 0, 0, 0, 0
800, 25, 162, 50, 25, 71, 22, 55, 0, 0, 0, 0, 0, 0, 0, 0, 0, 0, 0, 0, 0
801, 25, 138, 51, 19, 70, 50, 57, 0, 0, 0, 0, 0, 0, 0, 0, 0, 0, 0, 0, 0
802, 48, 141, 25, 38, 76, 24, 58, 0, 0, 0, 0, 0, 0, 0, 0, 0, 0, 0, 0, 0
803, 23, 140, 56, 23, 64, 47, 57, 0, 0, 0, 0, 0, 0, 0, 0, 0, 0, 0, 0, 0
804, 42, 142, 27, 34, 82, 26, 57, 0, 0, 0, 0, 0, 0, 0, 0, 0, 0, 0, 0, 0
805, 12, 155, 55, 23, 76, 32, 57, 0, 0, 0, 0, 0, 0, 0, 0, 0, 0, 0, 0, 0
806, 44, 136, 30, 34, 80, 33, 53, 0, 0, 0, 0, 0, 0, 0, 0, 0, 0, 0, 0, 0
807, 16, 164, 54, 27, 69, 24, 56, 0, 0, 0, 0, 0, 0, 0, 0, 0, 0, 0, 0, 0
808, 47, 134, 30, 34, 77, 35, 53, 0, 0, 0, 0, 0, 0, 0, 0, 0, 0, 0, 0, 0
809, 12, 139, 55, 22, 76, 49, 57, 0, 0, 0, 0, 0, 0, 0, 0, 0, 0, 0, 0, 0
810, 22, 137, 46, 33, 69, 43, 60, 0, 0, 0, 0, 0, 0, 0, 0, 0, 0, 0, 0, 0
811, 48, 145, 35, 25, 66, 21, 70, 0, 0, 0, 0, 0, 0, 0, 0, 0, 0, 0, 0, 0
812, 13, 124, 62, 26, 76, 61, 48, 0, 0, 0, 0, 0, 0, 0, 0, 0, 0, 0, 0, 0
813, 40, 133, 30, 36, 87, 27, 57, 0, 0, 0, 0, 0, 0, 0, 0, 0, 0, 0, 0, 0
814, 14, 129, 54, 21, 77, 58, 57, 0, 0, 0, 0, 0, 0, 0, 0, 0, 0, 0, 0, 0
815, 44, 135, 26, 41, 80, 24, 60, 0, 0, 0, 0, 0, 0, 0, 0, 0, 0, 0, 0, 0
816, 14, 164, 58, 22, 76, 22, 54, 0, 0, 0, 0, 0, 0, 0, 0, 0, 0, 0, 0, 0
817, 44, 140, 18, 34, 80, 31, 63, 0, 0, 0, 0, 0, 0, 0, 0, 0, 0, 0, 0, 0
818, 16, 142, 54, 24, 69, 47, 58, 0, 0, 0, 0, 0, 0, 0, 0, 0, 0, 0, 0, 0
819, 21, 118, 51, 23, 75, 64, 58, 0, 0, 0, 0, 0, 0, 0, 0, 0, 0, 0, 0, 0
820, 33, 141, 33, 41, 66, 21, 75, 0, 0, 0, 0, 0, 0, 0, 0, 0, 0, 0, 0, 0
821, 25, 162, 50, 25, 71, 22, 55, 0, 0, 0, 0, 0, 0, 0, 0, 0, 0, 0, 0, 0
822, 25, 138, 51, 19, 70, 50, 57, 0, 0, 0, 0, 0, 0, 0, 0, 0, 0, 0, 0, 0
823, 48, 141, 25, 38, 76, 24, 58, 0, 0, 0, 0, 0, 0, 0, 0, 0, 0, 0, 0, 0
824, 23, 140, 56, 23, 64, 47, 57, 0, 0, 0, 0, 0, 0, 0, 0, 0, 0, 0, 0, 0
825, 42, 142, 27, 34, 82, 26, 57, 0, 0, 0, 0, 0, 0, 0, 0, 0, 0, 0, 0, 0
826, 12, 155, 55, 23, 76, 32, 57, 0, 0, 0, 0, 0, 0, 0, 0, 0, 0, 0, 0, 0
827, 44, 136, 30, 34, 80, 33, 53, 0, 0, 0, 0, 0, 0, 0, 0, 0, 0, 0, 0, 0
828, 16, 164, 54, 27, 69, 24, 56, 0, 0, 0, 0, 0, 0, 0, 0, 0, 0, 0, 0, 0
829, 47, 134, 30, 34, 77, 35, 53, 0, 0, 0, 0, 0, 0, 0, 0, 0, 0, 0, 0, 0
830, 12, 139, 55, 22, 76, 49, 57, 0, 0, 0, 0, 0, 0, 0, 0, 0, 0, 0, 0, 0
831, 22, 137, 46, 33, 69, 43, 60, 0, 0, 0, 0, 0, 0, 0, 0, 0, 0, 0, 0, 0
832, 48, 145, 35, 25, 66, 21, 70, 0, 0, 0, 0, 0, 0, 0, 0, 0, 0, 0, 0, 0
833, 13, 124, 62, 26, 76, 61, 48, 0, 0, 0, 0, 0, 0, 0, 0, 0, 0, 0, 0, 0
834, 40, 133, 30, 36, 87, 27, 57, 0, 0, 0, 0, 0, 0, 0, 0, 0, 0, 0, 0, 0
835, 14, 129, 54, 21, 77, 58, 57, 0, 0, 0, 0, 0, 0, 0, 0, 0, 0, 0, 0, 0
836, 44, 135, 26, 41, 80, 24, 60, 0, 0, 0, 0, 0, 0, 0, 0, 0, 0, 0, 0, 0
837, 14, 164, 58, 22, 76, 22, 54, 0, 0, 0, 0, 0, 0, 0, 0, 0, 0, 0, 0, 0
838, 44, 140, 18, 34, 80, 31, 63, 0, 0, 0, 0, 0, 0, 0, 0, 0, 0, 0, 0, 0
839, 16, 142, 54, 24, 69, 47, 58, 0, 0, 0, 0, 0, 0, 0, 0, 0, 0, 0, 0, 0
840, 21, 118, 51, 23, 75, 64, 58, 0, 0, 0, 0, 0, 0, 0, 0, 0, 0, 0, 0, 0
841, 33, 141, 33, 41, 66, 21, 75, 0, 0, 0, 0, 0, 0, 0, 0, 0, 0, 0, 0, 0
842, 25, 162, 50, 25, 71, 22, 55, 0, 0, 0, 0, 0, 0, 0, 0, 0, 0, 0, 0, 0
843, 25, 138, 51, 19, 70, 50, 57, 0, 0, 0, 0, 0, 0, 0, 0, 0, 0, 0, 0, 0
844, 48, 141, 25, 38, 76, 24, 58, 0, 0, 0, 0, 0, 0, 0, 0, 0, 0, 0, 0, 0
845, 23, 140, 56, 23, 64, 47, 57, 0, 0, 0, 0, 0, 0, 0, 0, 0, 0, 0, 0, 0
846, 42, 142, 27, 34, 82, 26, 57, 0, 0, 0, 0, 0, 0, 0, 0, 0, 0, 0, 0, 0
847, 12, 155, 55, 23, 76, 32, 57, 0, 0, 0, 0, 0, 0, 0, 0, 0, 0, 0, 0, 0
848, 44, 136, 30, 34, 80, 33, 53, 0, 0, 0, 0, 0, 0, 0, 0, 0, 0, 0, 0, 0
849, 16, 164, 54, 27, 69, 24, 56, 0, 0, 0, 0, 0, 0, 0, 0, 0, 0, 0, 0, 0
850, 47, 134, 30, 34, 77, 35, 53, 0, 0, 0, 0, 0, 0, 0, 0, 0, 0, 0, 0, 0
851, 12, 139, 55, 22, 76, 49, 57, 0, 0, 0, 0, 0, 0, 0, 0, 0, 0, 0, 0, 0
852, 22, 137, 46, 33, 69, 43, 60, 0, 0, 0, 0, 0, 0, 0, 0, 0, 0, 0, 0, 0
853, 48, 145, 35, 25, 66, 21, 70, 0, 0, 0, 0, 0, 0, 0, 0, 0, 0, 0, 0, 0
854, 13, 124, 62, 26, 76, 61, 48, 0, 0, 0, 0, 0, 0, 0, 0, 0, 0, 0, 0, 0
855, 40, 133, 30, 36, 87, 27, 57, 0, 0, 0, 0, 0, 0, 0, 0, 0, 0, 0, 0, 0
856, 14, 129, 54, 21, 77, 58, 57, 0, 0, 0, 0, 0, 0, 0, 0, 0, 0, 0, 0, 0
857, 44, 135, 26, 41, 80, 24, 60, 0, 0, 0, 0, 0, 0, 0, 0, 0, 0, 0, 0, 0
858, 14, 164, 58, 22, 76, 22, 54, 0, 0, 0, 0, 0, 0, 0, 0, 0, 0, 0, 0, 0
859, 44, 140, 18, 34, 80, 31, 63, 0, 0, 0, 0, 0, 0, 0, 0, 0, 0, 0, 0, 0
860, 16, 142, 54, 24, 69, 47, 58, 0, 0, 0, 0, 0, 0, 0, 0, 0, 0, 0, 0, 0
861, 21, 118, 51, 23, 75, 64, 58, 0, 0, 0, 0, 0, 0, 0, 0, 0, 0, 0, 0, 0
862, 33, 141, 33, 41, 66, 21, 75, 0, 0, 0, 0, 0, 0, 0, 0, 0, 0, 0, 0, 0
863, 25, 162, 50, 25, 71, 22, 55, 0, 0, 0, 0, 0, 0, 0, 0, 0, 0, 0, 0, 0
864, 25, 138, 51, 19, 70, 50, 57, 0, 0, 0, 0, 0, 0, 0, 0, 0, 0, 0, 0, 0
865, 48, 141, 25, 38, 76, 24, 58, 0, 0, 0, 0, 0, 0, 0, 0, 0, 0, 0, 0, 0
866, 23, 140, 56, 23, 64, 47, 57, 0, 0, 0, 0, 0, 0, 0, 0, 0, 0, 0, 0, 0
867, 42, 142, 27, 34, 82, 26, 57, 0, 0, 0, 0, 0, 0, 0, 0, 0, 0, 0, 0, 0
868, 12, 155, 55, 23, 76, 32, 57, 0, 0, 0, 0, 0, 0, 0, 0, 0, 0, 0, 0, 0
869, 44, 136, 30, 34, 80, 33, 53, 0, 0, 0, 0, 0, 0, 0, 0, 0, 0, 0, 0, 0
870, 16, 164, 54, 27, 69, 24, 56, 0, 0, 0, 0, 0, 0, 0, 0, 0, 0, 0, 0, 0
871, 47, 134, 30, 34, 77, 35, 53, 0, 0, 0, 0, 0, 0, 0, 0, 0, 0, 0, 0, 0
872, 12, 139, 55, 22, 76, 49, 57, 0, 0, 0, 0, 0, 0, 0, 0, 0, 0, 0, 0, 0
873, 22, 137, 46, 33, 69, 43, 60, 0, 0, 0, 0, 0, 0, 0, 0, 0, 0, 0, 0, 0
874, 48, 145, 35, 25, 66, 21, 70, 0, 0, 0, 0, 0, 0, 0, 0, 0, 0, 0, 0, 0
875, 13, 124, 62, 26, 76, 61, 48, 0, 0, 0, 0, 0, 0, 0, 0, 0, 0, 0, 0, 0
876, 40, 133, 30, 36, 87, 27, 57, 0, 0, 0, 0, 0, 0, 0, 0, 0, 0, 0, 0, 0
877, 14, 129, 54, 21, 77, 58, 57, 0, 0, 0, 0, 0, 0, 0, 0, 0, 0, 0, 0, 0
878, 44, 135, 26, 41, 80, 24, 60, 0, 0, 0, 0, 0, 0, 0, 0, 0, 0, 0, 0, 0
879, 14, 164, 58, 22, 76, 22, 54, 0, 0, 0, 0, 0, 0, 0, 0, 0, 0, 0, 0, 0
880, 44, 140, 18, 34, 80, 31, 63, 0, 0, 0, 0, 0, 0, 0, 0, 0, 0, 0, 0, 0
881, 16, 142, 54, 24, 69, 47, 58, 0, 0, 0, 0, 0, 0, 0, 0, 0, 0, 0, 0, 0
882, 21, 118, 51, 23, 75, 64, 58, 0, 0, 0, 0, 0, 0, 0, 0, 0, 0, 0, 0, 0
883, 33, 141, 33, 41, 66, 21, 75, 0, 0, 0, 0, 0, 0, 0, 0, 0, 0, 0, 0, 0
884, 25, 162, 50, 25, 71, 22, 55, 0, 0, 0, 0, 0, 0, 0, 0, 0, 0, 0, 0, 0
885, 25, 138, 51, 19, 70, 50, 57, 0, 0, 0, 0, 0, 0, 0, 0, 0, 0, 0, 0, 0
886, 48, 141, 25, 38, 76, 24, 58, 0, 0, 0, 0, 0, 0, 0, 0, 0, 0, 0, 0, 0
887, 23, 140, 56, 23, 64, 47, 57, 0, 0, 0, 0, 0, 0, 0, 0, 0, 0, 0, 0, 0
888, 42, 142, 27, 34, 82, 26, 57, 0, 0, 0, 0, 0, 0, 0, 0, 0, 0, 0, 0, 0
889, 12, 155, 55, 23, 76, 32, 57, 0, 0, 0, 0, 0, 0, 0, 0, 0, 0, 0, 0, 0
890, 44, 136, 30, 34, 80, 33, 53, 0, 0, 0, 0, 0, 0, 0, 0, 0, 0, 0, 0, 0
891, 16, 164, 54, 27, 69, 24, 56, 0, 0, 0, 0, 0, 0, 0, 0, 0, 0, 0, 0, 0
892, 47, 134, 30, 34, 77, 35, 53, 0, 0, 0, 0, 0, 0, 0, 0, 0, 0, 0, 0, 0
893, 12, 139, 55, 22, 76, 49, 57, 0, 0, 0, 0, 0, 0, 0, 0, 0, 0, 0, 0, 0
894, 22, 137, 46, 33, 69, 43, 60, 0, 0, 0, 0, 0, 0, 0, 0, 0, 0, 0, 0, 0
895, 48, 145, 35, 25, 66, 21, 70, 0, 0, 0, 0, 0, 0, 0, 0, 0, 0, 0, 0, 0
896, 13, 124, 62, 26, 76, 61, 48, 0, 0, 0, 0, 0, 0, 0, 0, 0, 0, 0, 0, 0
897, 40, 133, 30, 36, 87, 27, 57, 0, 0, 0, 0, 0, 0, 0, 0, 0, 0, 0, 0, 0
898, 14, 129, 54, 21, 77, 58, 57, 0, 0, 0, 0, 0, 0, 0, 0, 0, 0, 0, 0, 0
899, 44, 135, 26, 41, 80, 24, 60, 0, 0, 0, 0, 0, 0, 0, 0, 0, 0, 0, 0, 0
900, 14, 164, 58, 22, 76, 22, 54, 0, 0, 0, 0, 0, 0, 0, 0, 0, 0, 0, 0, 0
901, 44, 140, 18, 34, 80, 31, 63, 0, 0, 0, 0, 0, 0, 0, 0, 0, 0, 0, 0, 0
902, 16, 142, 54, 24, 69, 47, 58, 0, 0, 0, 0, 0, 0, 0, 0, 0, 0, 0, 0, 0
903, 21, 118, 51, 23, 75, 64, 58, 0, 0, 0, 0, 0, 0, 0, 0, 0, 0, 0, 0, 0
904, 33, 141, 33, 41, 66, 21, 75, 0, 0, 0, 0, 0, 0, 0, 0, 0, 0, 0, 0, 0
905, 25, 162, 50, 25, 71, 22, 55, 0, 0, 0, 0, 0, 0, 0, 0, 0, 0, 0, 0, 0
906, 25, 138, 51, 19, 70, 50, 57, 0, 0, 0, 0, 0, 0, 0, 0, 0, 0, 0, 0, 0
907, 48, 141, 25, 38, 76, 24, 58, 0, 0, 0, 0, 0, 0, 0, 0, 0, 0, 0, 0, 0
908, 23, 140, 56, 23, 64, 47, 57, 0, 0, 0, 0, 0, 0, 0, 0, 0, 0, 0, 0, 0
909, 42, 142, 27, 34, 82, 26, 57, 0, 0, 0, 0, 0, 0, 0, 0, 0, 0, 0, 0, 0
910, 12, 155, 55, 23, 76, 32, 57, 0, 0, 0, 0, 0, 0, 0, 0, 0, 0, 0, 0, 0
911, 44, 136, 30, 34, 80, 33, 53, 0, 0, 0, 0, 0, 0, 0, 0, 0, 0, 0, 0, 0
912, 16, 164, 54, 27, 69, 24, 56, 0, 0, 0, 0, 0, 0, 0, 0, 0, 0, 0, 0, 0
913, 47, 134, 30, 34, 77, 35, 53, 0, 0, 0, 0, 0, 0, 0, 0, 0, 0, 0, 0, 0
914, 12, 139, 55, 22, 76, 49, 57, 0, 0, 0, 0, 0, 0, 0, 0, 0, 0, 0, 0, 0
915, 22, 137, 46, 33, 69, 43, 60, 0, 0, 0, 0, 0, 0, 0, 0, 0, 0, 0, 0, 0
916, 48, 145, 35, 25, 66, 21, 70, 0, 0, 0, 0, 0, 0, 0, 0, 0, 0, 0, 0, 0
917, 13, 124, 62, 26, 76, 61, 48, 0, 0, 0, 0, 0, 0, 0, 0, 0, 0, 0, 0, 0
918, 40, 133, 30, 36, 87, 27, 57, 0, 0, 0, 0, 0, 0, 0, 0, 0, 0, 0, 0, 0
919, 14, 129, 54, 21, 77, 58, 57, 0, 0, 0, 0, 0, 0, 0, 0, 0, 0, 0, 0, 0
920, 44, 135, 26, 41, 80, 24, 60, 0, 0, 0, 0, 0, 0, 0, 0, 0, 0, 0, 0, 0
921, 14, 164, 58, 22, 76, 22, 54, 0, 0, 0, 0, 0, 0, 0, 0, 0, 0, 0, 0, 0
922, 44, 140, 18, 34, 80, 31, 63, 0, 0, 0, 0, 0, 0, 0, 0, 0, 0, 0, 0, 0
923, 16, 142, 54, 24, 69, 47, 58, 0, 0, 0, 0, 0, 0, 0, 0, 0, 0, 0, 0, 0
924, 21, 118, 51, 23, 75, 64, 58, 0, 0, 0, 0, 0, 0, 0, 0, 0, 0, 0, 0, 0
925, 33, 141, 33, 41, 66, 21, 75, 0, 0, 0, 0, 0, 0, 0, 0, 0, 0, 0, 0, 0
926, 25, 162, 50, 25, 71, 22, 55, 0, 0, 0, 0, 0, 0, 0, 0, 0, 0, 0, 0, 0
927, 25, 138, 51, 19, 70, 50, 57, 0, 0, 0, 0, 0, 0, 0, 0, 0, 0, 0, 0, 0
928, 48, 141, 25, 38, 76, 24, 58, 0, 0, 0, 0, 0, 0, 0, 0, 0, 0, 0, 0, 0
929, 23, 140, 56, 23, 64, 47, 57, 0, 0, 0, 0, 0, 0, 0, 0, 0, 0, 0, 0, 0
930, 42, 142, 27, 34, 82, 26, 57, 0, 0, 0, 0, 0, 0, 0, 0, 0, 0, 0, 0, 0
931, 12, 155, 55, 23, 76, 32, 57, 0, 0, 0, 0, 0, 0, 0, 0, 0, 0, 0, 0, 0
932, 44, 136, 30, 34, 80, 33, 53, 0, 0, 0, 0, 0, 0, 0, 0, 0, 0, 0, 0, 0
933, 16, 164, 54, 27, 69, 24, 56, 0, 0, 0, 0, 0, 0, 0, 0, 0, 0, 0, 0, 0
934, 47, 134, 30, 34, 77, 35, 53, 0, 0, 0, 0, 0, 0, 0, 0, 0, 0, 0, 0, 0
935, 12, 139, 55, 22, 76, 49, 57, 0, 0, 0, 0, 0, 0, 0, 0, 0, 0, 0, 0, 0
936, 22, 137, 46, 33, 69, 43, 60, 0, 0, 0, 0, 0, 0, 0, 0, 0, 0, 0, 0, 0
937, 48, 145, 35, 25, 66, 21, 70, 0, 0, 0, 0, 0, 0, 0, 0, 0, 0, 0, 0, 0
938, 13, 124, 62, 26, 76, 61, 48, 0, 0, 0, 0, 0, 0, 0, 0, 0, 0, 0, 0, 0
939, 40, 133, 30, 36, 87, 27, 57, 0, 0, 0, 0, 0, 0, 0, 0, 0, 0, 0, 0, 0
940, 14, 129, 54, 21, 77, 58, 57, 0, 0, 0, 0, 0, 0, 0, 0, 0, 0, 0, 0, 0
941, 44, 135, 26, 41, 80, 24, 60, 0, 0, 0, 0, 0, 0, 0, 0, 0, 0, 0, 0, 0
942, 14, 164, 58, 22, 76, 22, 54, 0, 0, 0, 0, 0, 0, 0, 0, 0, 0, 0, 0, 0
943, 44, 140, 18, 34, 80, 31, 63, 0, 0, 0, 0, 0, 0, 0, 0, 0, 0, 0, 0, 0
944, 16, 142, 54, 24, 69, 47, 58, 0, 0, 0, 0, 0, 0, 0, 0, 0, 0, 0, 0, 0
945, 21, 118, 51, 23, 75, 64, 58, 0, 0, 0, 0, 0, 0, 0, 0, 0, 0, 0, 0, 0
946, 33, 141, 33, 41, 66, 21, 75, 0, 0, 0, 0, 0, 0, 0, 0, 0, 0, 0, 0, 0
947, 25, 162, 50, 25, 71, 22, 55, 0, 0, 0, 0, 0, 0, 0, 0, 0, 0, 0, 0, 0
948, 25, 138, 51, 19, 70, 50, 57, 0, 0, 0, 0, 0, 0, 0, 0, 0, 0, 0, 0, 0
949, 48, 141, 25, 38, 76, 24, 58, 0, 0, 0, 0, 0, 0, 0, 0, 0, 0, 0, 0, 0
950, 23, 140, 56, 23, 64, 47, 57, 0, 0, 0, 0, 0, 0, 0, 0, 0, 0, 0, 0, 0
951, 42, 142, 27, 34, 82, 26, 57, 0, 0, 0, 0, 0, 0, 0, 0, 0, 0, 0, 0, 0
952, 12, 155, 55, 23, 76, 32, 57, 0, 0, 0, 0, 0, 0, 0, 0, 0, 0, 0, 0, 0
953, 44, 136, 30, 34, 80, 33, 53, 0, 0, 0, 0, 0, 0, 0, 0, 0, 0, 0, 0, 0
954, 16, 164, 54, 27, 69, 24, 56, 0, 0, 0, 0, 0, 0, 0, 0, 0, 0, 0, 0, 0
955, 47, 134, 30, 34, 77, 35, 53, 0, 0, 0, 0, 0, 0, 0, 0, 0, 0, 0, 0, 0
956, 12, 139, 55, 22, 76, 49, 57, 0, 0, 0, 0, 0, 0, 0, 0, 0, 0, 0, 0, 0
957, 22, 137, 46, 33, 69, 43, 60, 0, 0, 0, 0, 0, 0, 0, 0, 0, 0, 0, 0, 0
958, 48, 145, 35, 25, 66, 21, 70, 0, 0, 0, 0, 0, 0, 0, 0, 0, 0, 0, 0, 0
959, 13, 124, 62, 26, 76, 61, 48, 0, 0, 0, 0, 0, 0, 0, 0, 0, 0, 0, 0, 0
960, 40, 133, 30, 36, 87, 27, 57, 0, 0, 0, 0, 0, 0, 0, 0, 0, 0, 0, 0, 0
961, 14, 129, 54, 21, 77, 58, 57, 0, 0, 0, 0, 0, 0, 0, 0, 0, 0, 0, 0, 0
962, 44, 135, 26, 41, 80, 24, 60, 0, 0, 0, 0, 0, 0, 0, 0, 0, 0, 0, 0, 0
963, 14, 164, 58, 22, 76, 22, 54, 0, 0, 0, 0, 0, 0, 0, 0, 0, 0, 0, 0, 0
964, 44, 140, 18, 34, 80, 31, 63, 0, 0, 0, 0, 0, 0, 0, 0, 0, 0, 0, 0, 0
965, 16, 142, 54, 24, 69, 47, 58, 0, 0, 0, 0, 0, 0, 0, 0, 0, 0, 0, 0, 0
966, 21, 118, 51, 23, 75, 64, 58, 0, 0, 0, 0, 0, 0, 0, 0, 0, 0, 0, 0, 0
967, 33, 141, 33, 41, 66, 21, 75, 0, 0, 0, 0, 0, 0, 0, 0, 0, 0, 0, 0, 0
968, 25, 162, 50, 25, 71, 22, 55, 0, 0, 0, 0, 0, 0, 0, 0, 0, 0, 0, 0, 0
969, 25, 138, 51, 19, 70, 50, 57, 0, 0, 0, 0, 0, 0, 0, 0, 0, 0, 0, 0, 0
970, 48, 141, 25, 38, 76, 24, 58, 0, 0, 0, 0, 0, 0, 0, 0, 0, 0, 0, 0, 0
971, 23, 140, 56, 23, 64, 47, 57, 0, 0, 0, 0, 0, 0, 0, 0, 0, 0, 0, 0, 0
972, 42, 142, 27, 34, 82, 26, 57, 0, 0, 0, 0, 0, 0, 0, 0, 0, 0, 0, 0, 0
973, 12, 155, 55, 23, 76, 32, 57, 0, 0, 0, 0, 0, 0, 0, 0, 0, 0, 0, 0, 0
974, 44, 136, 30, 34, 80, 33, 53, 0, 0, 0, 0, 0, 0, 0, 0, 0, 0, 0, 0, 0
975, 16, 164, 54, 27, 69, 24, 56, 0, 0, 0, 0, 0, 0, 0, 0, 0, 0, 0, 0, 0
976, 47, 134, 30, 34, 77, 35, 53, 0, 0, 0, 0, 0, 0, 0, 0, 0, 0, 0, 0, 0
977, 12, 139, 55, 22, 76, 49, 57, 0, 0, 0, 0, 0, 0, 0, 0, 0, 0, 0, 0, 0
978, 22, 137, 46, 33, 69, 43, 60, 0, 0, 0, 0, 0, 0, 0, 0, 0, 0, 0, 0, 0
979, 48, 145, 35, 25, 66, 21, 70, 0, 0, 0, 0, 0, 0, 0, 0, 0, 0, 0, 0, 0
980, 13, 124, 62, 26, 76, 61, 48, 0, 0, 0, 0, 0, 0, 0, 0, 0, 0, 0, 0, 0
981, 40, 133, 30, 36, 87, 27, 57, 0, 0, 0, 0, 0, 0, 0, 0, 0, 0, 0, 0, 0
982, 14, 129, 54, 21, 77, 58, 57, 0, 0, 0, 0, 0, 0, 0, 0, 0, 0, 0, 0, 0
983, 44, 135, 26, 41, 80, 24, 60, 0, 0, 0, 0, 0, 0, 0, 0, 0, 0, 0, 0, 0
984, 14, 164, 58, 22, 76, 22, 54, 0, 0, 0, 0, 0, 0, 0, 0, 0, 0, 0, 0, 0
985, 44, 140, 18, 34, 80, 31, 63, 0, 0, 0, 0, 0, 0, 0, 0, 0, 0, 0, 0, 0
986, 16, 142, 54, 24, 69, 47, 58, 0, 0, 0, 0, 0, 0, 0, 0, 0, 0, 0, 0, 0
987, 21, 118, 51, 23, 75, 64, 58, 0, 0, 0, 0, 0, 0, 0, 0, 0, 0, 0, 0, 0
988, 33, 141, 33, 41, 66, 21, 75, 0, 0, 0, 0, 0, 0, 0, 0, 0, 0, 0, 0, 0
989, 25, 162, 50, 25, 71, 22, 55, 0, 0, 0, 0, 0, 0, 0, 0, 0, 0, 0, 0, 0
990, 25, 138, 51, 19, 70, 50, 57, 0, 0, 0, 0, 0, 0, 0, 0, 0, 0, 0, 0, 0
991, 48, 141, 25, 38, 76, 24, 58, 0, 0, 0, 0, 0, 0, 0, 0, 0, 0, 0, 0, 0
992, 23, 140, 56, 23, 64, 47, 57, 0, 0, 0, 0, 0, 0, 0, 0, 0, 0, 0, 0, 0
993, 42, 142, 27, 34, 82, 26, 57, 0, 0, 0, 0, 0, 0, 0, 0, 0, 0, 0, 0, 0
994, 12, 155, 55, 23, 76, 32, 57, 0, 0, 0, 0, 0, 0, 0, 0, 0, 0, 0, 0, 0
995, 44, 136, 30, 34, 80, 33, 53, 0, 0, 0, 0, 0, 0, 0, 0, 0, 0, 0, 0, 0
996, 16, 164, 54, 27, 69, 24, 56, 0, 0, 0, 0, 0, 0, 0, 0, 0, 0, 0, 0, 0
997, 47, 134, 30, 34, 77, 35, 53, 0, 0, 0, 0, 0, 0, 0, 0, 0, 0, 0, 0, 0
998, 12, 139, 55, 22, 76, 49, 57, 0, 0, 0, 0, 0, 0, 0, 0, 0, 0, 0, 0, 0
999, 22, 137, 46, 33, 69, 43, 60, 0, 0, 0, 0, 0, 0, 0, 0, 0, 0, 0, 0, 0
