0, 134, 625, 134, 134, 625, 134, 0, 0
1, 78, 297, 120, 101, 297, 103, 0, 0
2, 83, 297, 89, 87, 297, 99, 0, 0
3, 68, 297, 87, 73, 297, 97, 0, 0
4, 64, 297, 89, 68, 297, 89, 0, 0
5, 64, 297, 90, 66, 297, 96, 0, 0
6, 64, 297, 90, 69, 297, 89, 0, 0
7, 85, 297, 92, 68, 297, 92, 0, 0
8, 68, 297, 92, 71, 297, 99, 0, 0
9, 64, 297, 89, 68, 297, 101, 0, 0
10, 64, 297, 87, 68, 297, 101, 0, 0
11, 82, 297, 92, 75, 297, 69, 0, 0
12, 83, 297, 87, 68, 297, 75, 0, 0
13, 85, 297, 85, 68, 297, 80, 0, 0
14, 83, 297, 80, 80, 297, 64, 0, 0
15, 78, 297, 87, 83, 297, 68, 0, 0
16, 73, 297, 87, 76, 297, 69, 0, 0
17, 80, 297, 75, 85, 297, 90, 0, 0
18, 82, 297, 87, 69, 297, 97, 0, 0
19, 76, 297, 90, 69, 297, 92, 0, 0
20, 80, 297, 90, 68, 297, 97, 0, 0
21, 69, 297, 92, 69, 297, 85, 0, 0
22, 64, 297, 87, 71, 297, 99, 0, 0
23, 64, 297, 90, 68, 297, 101, 0, 0
24, 64, 297, 90, 66, 297, 85, 0, 0
25, 64, 297, 87, 68, 297, 96, 0, 0
26, 64, 297, 90, 66, 297, 76, 0, 0
27, 76, 297, 89, 66, 297, 75, 0, 0
28, 82, 297, 78, 82, 297, 64, 0, 0
29, 78, 297, 87, 83, 297, 68, 0, 0
30, 73, 297, 87, 76, 297, 69, 0, 0
31, 80, 297, 75, 85, 297, 90, 0, 0
32, 82, 297, 87, 69, 297, 97, 0, 0
33, 76, 297, 90, 69, 297, 92, 0, 0
34, 80, 297, 90, 68, 297, 97, 0, 0
35, 69, 297, 92, 69, 297, 85, 0, 0
36, 64, 297, 87, 71, 297, 99, 0, 0
37, 64, 297, 90, 68, 297, 101, 0, 0
38, 64, 297, 90, 66, 297, 85, 0, 0
39, 64, 297, 87, 68, 297, 96, 0, 0
40, 64, 297, 90, 66, 297, 76, 0, 0
41, 76, 297, 89, 66, 297, 75, 0, 0
42, 82, 297, 78, 82, 297, 64, 0, 0
43, 78, 297, 87, 83, 297, 68, 0, 0
44, 73, 297, 87, 76, 297, 69, 0, 0
45, 80, 297, 75, 85, 297, 90, 0, 0
46, 82, 297, 87, 69, 297, 97, 0, 0
47, 76, 297, 90, 69, 297, 92, 0, 0
48, 80, 297, 90, 68, 297, 97, 0, 0
49, 69, 297, 92, 69, 297, 85, 0, 0
50, 64, 297, 87, 71, 297, 99, 0, 0
51, 64, 297, 90, 68, 297, 101, 0, 0
52, 64, 297, 90, 66, 297, 85, 0, 0
53, 64, 297, 87, 68, 297, 96, 0, 0
54, 64, 297, 90, 66, 297, 76, 0, 0
55, 76, 297, 89, 66, 297, 75, 0, 0
56, 82, 297, 78, 82, 297, 64, 0, 0
57, 78, 297, 87, 83, 297, 68, 0, 0
58, 73, 297, 87, 76, 297, 69, 0, 0
59, 80, 297, 75, 85, 297, 90, 0, 0
60, 82, 297, 87, 69, 297, 97, 0, 0
61, 76, 297, 90, 69, 297, 92, 0, 0
62, 80, 297, 90, 68, 297, 97, 0, 0
63, 69, 297, 92, 69, 297, 85, 0, 0
64, 64, 297, 87, 71, 297, 99, 0, 0
65, 64, 297, 90, 68, 297, 101, 0, 0
66, 64, 297, 90, 66, 297, 85, 0, 0
67, 64, 297, 87, 68, 297, 96, 0, 0
68, 64, 297, 90, 66, 297, 76, 0, 0
69, 76, 297, 89, 66, 297, 75, 0, 0
70, 82, 297, 78, 82, 297, 64, 0, 0
71, 78, 297, 87, 83, 297, 68, 0, 0
72, 73, 297, 87, 76, 297, 69, 0, 0
73, 80, 297, 75, 85, 297, 90, 0, 0
74, 82, 297, 87, 69, 297, 97, 0, 0
75, 76, 297, 90, 69, 297, 92, 0, 0
76, 80, 297, 90, 68, 297, 97, 0, 0
77, 69, 297, 92, 69, 297, 85, 0, 0
78, 64, 297, 87, 71, 297, 99, 0, 0
79, 64, 297, 90, 68, 297, 101, 0, 0
80, 64, 297, 90, 66, 297, 85, 0, 0
81, 64, 297, 87, 68, 297, 96, 0, 0
82, 64, 297, 90, 66, 297, 76, 0, 0
83, 76, 297, 89, 66, 297, 75, 0, 0
84, 82, 297, 78, 82, 297, 64, 0, 0
85, 78, 297, 87, 83, 297, 68, 0, 0
86, 73, 297, 87, 76, 297, 69, 0, 0
87, 80, 297, 75, 85, 297, 90, 0, 0
88, 82, 297, 87, 69, 297, 97, 0, 0
89, 76, 297, 90, 69, 297, 92, 0, 0
90, 80, 297, 90, 68, 297, 97, 0, 0
91, 69, 297, 92, 69, 297, 85, 0, 0
92, 64, 297, 87, 71, 297, 99, 0, 0
93, 64, 297, 90, 68, 297, 101, 0, 0
94, 64, 297, 90, 66, 297, 85, 0, 0
95, 64, 297, 87, 68, 297, 96, 0, 0
96, 64, 297, 90, 66, 297, 76, 0, 0
97, 76, 297, 89, 66, 297, 75, 0, 0
98, 82, 297, 78, 82, 297, 64, 0, 0
99, 78, 297, 87, 83, 297, 68, 0, 0
100, 73, 297, 87, 76, 297, 69, 0, 0
101, 80, 297, 75, 85, 297, 90, 0, 0
102, 82, 297, 87, 69, 297, 97, 0, 0
103, 76, 297, 90, 69, 297, 92, 0, 0
104, 80, 297, 90, 68, 297, 97, 0, 0
105, 69, 297, 92, 69, 297, 85, 0, 0
106, 64, 297, 87, 71, 297, 99, 0, 0
107, 64, 297, 90, 68, 297, 101, 0, 0
108, 64, 297, 90, 66, 297, 85, 0, 0
109, 64, 297, 87, 68, 297, 96, 0, 0
110, 64, 297, 90, 66, 297, 76, 0, 0
111, 76, 297, 89, 66, 297, 75, 0, 0
112, 82, 297, 78, 82, 297, 64, 0, 0
113, 78, 297, 87, 83, 297, 68, 0, 0
114, 73, 297, 87, 76, 297, 69, 0, 0
115, 80, 297, 75, 85, 297, 90, 0, 0
116, 82, 297, 87, 69, 297, 97, 0, 0
117, 76, 297, 90, 69, 297, 92, 0, 0
118, 80, 297, 90, 68, 297, 97, 0, 0
119, 69, 297, 92, 69, 297, 85, 0, 0
120, 64, 297, 87, 71, 297, 99, 0, 0
121, 64, 297, 90, 68, 297, 101, 0, 0
122, 64, 297, 90, 66, 297, 85, 0, 0
123, 64, 297, 87, 68, 297, 96, 0, 0
124, 64, 297, 90, 66, 297, 76, 0, 0
125, 76, 297, 89, 66, 297, 75, 0, 0
126, 82, 297, 78, 82, 297, 64, 0, 0
127, 78, 297, 87, 83, 297, 68, 0, 0
128, 73, 297, 87, 76, 297, 69, 0, 0
129, 80, 297, 75, 85, 297, 90, 0, 0
130, 82, 297, 87, 69, 297, 97, 0, 0
131, 76, 297, 90, 69, 297, 92, 0, 0
132, 80, 297, 90, 68, 297, 97, 0, 0
133, 69, 297, 92, 69, 297, 85, 0, 0
134, 64, 297, 87, 71, 297, 99, 0, 0
135, 64, 297, 90, 68, 297, 101, 0, 0
136, 64, 297, 90, 66, 297, 85, 0, 0
137, 64, 297, 87, 68, 297, 96, 0, 0
138, 64, 297, 90, 66, 297, 76, 0, 0
139, 76, 297, 89, 66, 297, 75, 0, 0
140, 82, 297, 78, 82, 297, 64, 0, 0
141, 78, 297, 87, 83, 297, 68, 0, 0
142, 73, 297, 87, 76, 297, 69, 0, 0
143, 80, 297, 75, 85, 297, 90, 0, 0
144, 82, 297, 87, 69, 297, 97, 0, 0
145, 76, 297, 90, 69, 297, 92, 0, 0
146, 80, 297, 90, 68, 297, 97, 0, 0
147, 69, 297, 92, 69, 297, 85, 0, 0
148, 64, 297, 87, 71, 297, 99, 0, 0
149, 64, 297, 90, 68, 297, 101, 0, 0
150, 64, 297, 90, 66, 297, 85, 0, 0
151, 64, 297, 87, 68, 297, 96, 0, 0
152, 64, 297, 90, 66, 297, 76, 0, 0
153, 76, 297, 89, 66, 297, 75, 0, 0
154, 82, 297, 78, 82, 297, 64, 0, 0
155, 78, 297, 87, 83, 297, 68, 0, 0
156, 73, 297, 87, 76, 297, 69, 0, 0
157, 80, 297, 75, 85, 297, 90, 0, 0
158, 82, 297, 87, 69, 297, 97, 0, 0
159, 76, 297, 90, 69, 297, 92, 0, 0
160, 80, 297, 90, 68, 297, 97, 0, 0
161, 69, 297, 92, 69, 297, 85, 0, 0
162, 64, 297, 87, 71, 297, 99, 0, 0
163, 64, 297, 90, 68, 297, 101, 0, 0
164, 64, 297, 90, 66, 297, 85, 0, 0
165, 64, 297, 87, 68, 297, 96, 0, 0
166, 64, 297, 90, 66, 297, 76, 0, 0
167, 76, 297, 89, 66, 297, 75, 0, 0
168, 82, 297, 78, 82, 297, 64, 0, 0
169, 78, 297, 87, 83, 297, 68, 0, 0
170, 73, 297, 87, 76, 297, 69, 0, 0
171, 80, 297, 75, 85, 297, 90, 0, 0
172, 82, 297, 87, 69, 297, 97, 0, 0
173, 76, 297, 90, 69, 297, 92, 0, 0
174, 80, 297, 90, 68, 297, 97, 0, 0
175, 69, 297, 92, 69, 297, 85, 0, 0
176, 64, 297, 87, 71, 297, 99, 0, 0
177, 64, 297, 90, 68, 297, 101, 0, 0
178, 64, 297, 90, 66, 297, 85, 0, 0
179, 64, 297, 87, 68, 297, 96, 0, 0
180, 64, 297, 90, 66, 297, 76, 0, 0
181, 76, 297, 89, 66, 297, 75, 0, 0
182, 82, 297, 78, 82, 297, 64, 0, 0
183, 78, 297, 87, 83, 297, 68, 0, 0
184, 73, 297, 87, 76, 297, 69, 0, 0
185, 80, 297, 75, 85, 297, 90, 0, 0
186, 82, 297, 87, 69, 297, 97, 0, 0
187, 76, 297, 90, 69, 297, 92, 0, 0
188, 80, 297, 90, 68, 297, 97, 0, 0
189, 69, 297, 92, 69, 297, 85, 0, 0
190, 64, 297, 87, 71, 297, 99, 0, 0
191, 64, 297, 90, 68, 297, 101, 0, 0
192, 64, 297, 90, 66, 297, 85, 0, 0
193, 64, 297, 87, 68, 297, 96, 0, 0
194, 64, 297, 90, 66, 297, 76, 0, 0
195, 76, 297, 89, 66, 297, 75, 0, 0
196, 82, 297, 78, 82, 297, 64, 0, 0
197, 78, 297, 87, 83, 297, 68, 0, 0
198, 73, 297, 87, 76, 297, 69, 0, 0
199, 80, 297, 75, 85, 297, 90, 0, 0
200, 82, 297, 87, 69, 297, 97, 0, 0
201, 76, 297, 90, 69, 297, 92, 0, 0
202, 80, 297, 90, 68, 297, 97, 0, 0
203, 69, 297, 92, 69, 297, 85, 0, 0
204, 64, 297, 87, 71, 297, 99, 0, 0
205, 64, 297, 90, 68, 297, 101, 0, 0
206, 64, 297, 90, 66, 297, 85, 0, 0
207, 64, 297, 87, 68, 297, 96, 0, 0
208, 64, 297, 90, 66, 297, 76, 0, 0
209, 76, 297, 89, 66, 297, 75, 0, 0
210, 82, 297, 78, 82, 297, 64, 0, 0
211, 78, 297, 87, 83, 297, 68, 0, 0
212, 73, 297, 87, 76, 297, 69, 0, 0
213, 80, 297, 75, 85, 297, 90, 0, 0
214, 82, 297, 87, 69, 297, 97, 0, 0
215, 76, 297, 90, 69, 297, 92, 0, 0
216, 80, 297, 90, 68, 297, 97, 0, 0
217, 69, 297, 92, 69, 297, 85, 0, 0
218, 64, 297, 87, 71, 297, 99, 0, 0
219, 64, 297, 90, 68, 297, 101, 0, 0
220, 64, 297, 90, 66, 297, 85, 0, 0
221, 64, 297, 87, 68, 297, 96, 0, 0
222, 64, 297, 90, 66, 297, 76, 0, 0
223, 76, 297, 89, 66, 297, 75, 0, 0
224, 82, 297, 78, 82, 297, 64, 0, 0
225, 78, 297, 87, 83, 297, 68, 0, 0
226, 73, 297, 87, 76, 297, 69, 0, 0
227, 80, 297, 75, 85, 297, 90, 0, 0
228, 82, 297, 87, 69, 297, 97, 0, 0
229, 76, 297, 90, 69, 297, 92, 0, 0
230, 80, 297, 90, 68, 297, 97, 0, 0
231, 69, 297, 92, 69, 297, 85, 0, 0
232, 64, 297, 87, 71, 297, 99, 0, 0
233, 64, 297, 90, 68, 297, 101, 0, 0
234, 64, 297, 90, 66, 297, 85, 0, 0
235, 64, 297, 87, 68, 297, 96, 0, 0
236, 64, 297, 90, 66, 297, 76, 0, 0
237, 76, 297, 89, 66, 297, 75, 0, 0
238, 82, 297, 78, 82, 297, 64, 0, 0
239, 78, 297, 87, 83, 297, 68, 0, 0
240, 73, 297, 87, 76, 297, 69, 0, 0
241, 80, 297, 75, 85, 297, 90, 0, 0
242, 82, 297, 87, 69, 297, 97, 0, 0
243, 76, 297, 90, 69, 297, 92, 0, 0
244, 80, 297, 90, 68, 297, 97, 0, 0
245, 69, 297, 92, 69, 297, 85, 0, 0
246, 64, 297, 87, 71, 297, 99, 0, 0
247, 64, 297, 90, 68, 297, 101, 0, 0
248, 64, 297, 90, 66, 297, 85, 0, 0
249, 64, 297, 87, 68, 297, 96, 0, 0
250, 64, 297, 90, 66, 297, 76, 0, 0
251, 76, 297, 89, 66, 297, 75, 0, 0
252, 82, 297, 78, 82, 297, 64, 0, 0
253, 78, 297, 87, 83, 297, 68, 0, 0
254, 73, 297, 87, 76, 297, 69, 0, 0
255, 80, 297, 75, 85, 297, 90, 0, 0
256, 82, 297, 87, 69, 297, 97, 0, 0
257, 76, 297, 90, 69, 297, 92, 0, 0
258, 80, 297, 90, 68, 297, 97, 0, 0
259, 69, 297, 92, 69, 297, 85, 0, 0
260, 64, 297, 87, 71, 297, 99, 0, 0
261, 64, 297, 90, 68, 297, 101, 0, 0
262, 64, 297, 90, 66, 297, 85, 0, 0
263, 64, 297, 87, 68, 297, 96, 0, 0
264, 64, 297, 90, 66, 297, 76, 0, 0
265, 76, 297, 89, 66, 297, 75, 0, 0
266, 82, 297, 78, 82, 297, 64, 0, 0
267, 78, 297, 87, 83, 297, 68, 0, 0
268, 73, 297, 87, 76, 297, 69, 0, 0
269, 80, 297, 75, 85, 297, 90, 0, 0
270, 82, 297, 87, 69, 297, 97, 0, 0
271, 76, 297, 90, 69, 297, 92, 0, 0
272, 80, 297, 90, 68, 297, 97, 0, 0
273, 69, 297, 92, 69, 297, 85, 0, 0
274, 64, 297, 87, 71, 297, 99, 0, 0
275, 64, 297, 90, 68, 297, 101, 0, 0
276, 64, 297, 90, 66, 297, 85, 0, 0
277, 64, 297, 87, 68, 297, 96, 0, 0
278, 64, 297, 90, 66, 297, 76, 0, 0
279, 76, 297, 89, 66, 297, 75, 0, 0
280, 82, 297, 78, 82, 297, 64, 0, 0
281, 78, 297, 87, 83, 297, 68, 0, 0
282, 73, 297, 87, 76, 297, 69, 0, 0
283, 80, 297, 75, 85, 297, 90, 0, 0
284, 82, 297, 87, 69, 297, 97, 0, 0
285, 76, 297, 90, 69, 297, 92, 0, 0
286, 80, 297, 90, 68, 297, 97, 0, 0
287, 69, 297, 92, 69, 297, 85, 0, 0
288, 64, 297, 87, 71, 297, 99, 0, 0
289, 64, 297, 90, 68, 297, 101, 0, 0
290, 64, 297, 90, 66, 297, 85, 0, 0
291, 64, 297, 87, 68, 297, 96, 0, 0
292, 64, 297, 90, 66, 297, 76, 0, 0
293, 76, 297, 89, 66, 297, 75, 0, 0
294, 82, 297, 78, 82, 297, 64, 0, 0
295, 78, 297, 87, 83, 297, 68, 0, 0
296, 73, 297, 87, 76, 297, 69, 0, 0
297, 80, 297, 75, 85, 297, 90, 0, 0
298, 82, 297, 87, 69, 297, 97, 0, 0
299, 76, 297, 90, 69, 297, 92, 0, 0
300, 80, 297, 90, 68, 297, 97, 0, 0
301, 69, 297, 92, 69, 297, 85, 0, 0
302, 64, 297, 87, 71, 297, 99, 0, 0
303, 64, 297, 90, 68, 297, 101, 0, 0
304, 64, 297, 90, 66, 297, 85, 0, 0
305, 64, 297, 87, 68, 297, 96, 0, 0
306, 64, 297, 90, 66, 297, 76, 0, 0
307, 76, 297, 89, 66, 297, 75, 0, 0
308, 82, 297, 78, 82, 297, 64, 0, 0
309, 78, 297, 87, 83, 297, 68, 0, 0
310, 73, 297, 87, 76, 297, 69, 0, 0
311, 80, 297, 75, 85, 297, 90, 0, 0
312, 82, 297, 87, 69, 297, 97, 0, 0
313, 76, 297, 90, 69, 297, 92, 0, 0
314, 80, 297, 90, 68, 297, 97, 0, 0
315, 69, 297, 92, 69, 297, 85, 0, 0
316, 64, 297, 87, 71, 297, 99, 0, 0
317, 64, 297, 90, 68, 297, 101, 0, 0
318, 64, 297, 90, 66, 297, 85, 0, 0
319, 64, 297, 87, 68, 297, 96, 0, 0
320, 64, 297, 90, 66, 297, 76, 0, 0
321, 76, 297, 89, 66, 297, 75, 0, 0
322, 82, 297, 78, 82, 297, 64, 0, 0
323, 78, 297, 87, 83, 297, 68, 0, 0
324, 73, 297, 87, 76, 297, 69, 0, 0
325, 80, 297, 75, 85, 297, 90, 0, 0
326, 82, 297, 87, 69, 297, 97, 0, 0
327, 76, 297, 90, 69, 297, 92, 0, 0
328, 80, 297, 90, 68, 297, 97, 0, 0
329, 69, 297, 92, 69, 297, 85, 0, 0
330, 64, 297, 87, 71, 297, 99, 0, 0
331, 64, 297, 90, 68, 297, 101, 0, 0
332, 64, 297, 90, 66, 297, 85, 0, 0
333, 64, 297, 87, 68, 297, 96, 0, 0
334, 64, 297, 90, 66, 297, 76, 0, 0
335, 76, 297, 89, 66, 297, 75, 0, 0
336, 82, 297, 78, 82, 297, 64, 0, 0
337, 78, 297, 87, 83, 297, 68, 0, 0
338, 73, 297, 87, 76, 297, 69, 0, 0
339, 80, 297, 75, 85, 297, 90, 0, 0
340, 82, 297, 87, 69, 297, 97, 0, 0
341, 76, 297, 90, 69, 297, 92, 0, 0
342, 80, 297, 90, 68, 297, 97, 0, 0
343, 69, 297, 92, 69, 297, 85, 0, 0
344, 64, 297, 87, 71, 297, 99, 0, 0
345, 64, 297, 90, 68, 297, 101, 0, 0
346, 64, 297, 90, 66, 297, 85, 0, 0
347, 64, 297, 87, 68, 297, 96, 0, 0
348, 64, 297, 90, 66, 297, 76, 0, 0
349, 76, 297, 89, 66, 297, 75, 0, 0
350, 82, 297, 78, 82, 297, 64, 0, 0
351, 78, 297, 87, 83, 297, 68, 0, 0
352, 73, 297, 87, 76, 297, 69, 0, 0
353, 80, 297, 75, 85, 297, 90, 0, 0
354, 82, 297, 87, 69, 297, 97, 0, 0
355, 76, 297, 90, 69, 297, 92, 0, 0
356, 80, 297, 90, 68, 297, 97, 0, 0
357, 69, 297, 92, 69, 297, 85, 0, 0
358, 64, 297, 87, 71, 297, 99, 0, 0
359, 64, 297, 90, 68, 297, 101, 0, 0
360, 64, 297, 90, 66, 297, 85, 0, 0
361, 64, 297, 87, 68, 297, 96, 0, 0
362, 64, 297, 90, 66, 297, 76, 0, 0
363, 76, 297, 89, 66, 297, 75, 0, 0
364, 82, 297, 78, 82, 297, 64, 0, 0
365, 78, 297, 87, 83, 297, 68, 0, 0
366, 73, 297, 87, 76, 297, 69, 0, 0
367, 80, 297, 75, 85, 297, 90, 0, 0
368, 82, 297, 87, 69, 297, 97, 0, 0
369, 76, 297, 90, 69, 297, 92, 0, 0
370, 80, 297, 90, 68, 297, 97, 0, 0
371, 69, 297, 92, 69, 297, 85, 0, 0
372, 64, 297, 87, 71, 297, 99, 0, 0
373, 64, 297, 90, 68, 297, 101, 0, 0
374, 64, 297, 90, 66, 297, 85, 0, 0
375, 64, 297, 87, 68, 297, 96, 0, 0
376, 64, 297, 90, 66, 297, 76, 0, 0
377, 76, 297, 89, 66, 297, 75, 0, 0
378, 82, 297, 78, 82, 297, 64, 0, 0
379, 78, 297, 87, 83, 297, 68, 0, 0
380, 73, 297, 87, 76, 297, 69, 0, 0
381, 80, 297, 75, 85, 297, 90, 0, 0
382, 82, 297, 87, 69, 297, 97, 0, 0
383, 76, 297, 90, 69, 297, 92, 0, 0
384, 80, 297, 90, 68, 297, 97, 0, 0
385, 69, 297, 92, 69, 297, 85, 0, 0
386, 64, 297, 87, 71, 297, 99, 0, 0
387, 64, 297, 90, 68, 297, 101, 0, 0
388, 64, 297, 90, 66, 297, 85, 0, 0
389, 64, 297, 87, 68, 297, 96, 0, 0
390, 64, 297, 90, 66, 297, 76, 0, 0
391, 76, 297, 89, 66, 297, 75, 0, 0
392, 82, 297, 78, 82, 297, 64, 0, 0
393, 78, 297, 87, 83, 297, 68, 0, 0
394, 73, 297, 87, 76, 297, 69, 0, 0
395, 80, 297, 75, 85, 297, 90, 0, 0
396, 82, 297, 87, 69, 297, 97, 0, 0
397, 76, 297, 90, 69, 297, 92, 0, 0
398, 80, 297, 90, 68, 297, 97, 0, 0
399, 69, 297, 92, 69, 297, 85, 0, 0
400, 64, 297, 87, 71, 297, 99, 0, 0
401, 64, 297, 90, 68, 297, 101, 0, 0
402, 64, 297, 90, 66, 297, 85, 0, 0
403, 64, 297, 87, 68, 297, 96, 0, 0
404, 64, 297, 90, 66, 297, 76, 0, 0
405, 76, 297, 89, 66, 297, 75, 0, 0
406, 82, 297, 78, 82, 297, 64, 0, 0
407, 78, 297, 87, 83, 297, 68, 0, 0
408, 73, 297, 87, 76, 297, 69, 0, 0
409, 80, 297, 75, 85, 297, 90, 0, 0
410, 82, 297, 87, 69, 297, 97, 0, 0
411, 76, 297, 90, 69, 297, 92, 0, 0
412, 80, 297, 90, 68, 297, 97, 0, 0
413, 69, 297, 92, 69, 297, 85, 0, 0
414, 64, 297, 87, 71, 297, 99, 0, 0
415, 64, 297, 90, 68, 297, 101, 0, 0
416, 64, 297, 90, 66, 297, 85, 0, 0
417, 64, 297, 87, 68, 297, 96, 0, 0
418, 64, 297, 90, 66, 297, 76, 0, 0
419, 76, 297, 89, 66, 297, 75, 0, 0
420, 82, 297, 78, 82, 297, 64, 0, 0
421, 78, 297, 87, 83, 297, 68, 0, 0
422, 73, 297, 87, 76, 297, 69, 0, 0
423, 80, 297, 75, 85, 297, 90, 0, 0
424, 82, 297, 87, 69, 297, 97, 0, 0
425, 76, 297, 90, 69, 297, 92, 0, 0
426, 80, 297, 90, 68, 297, 97, 0, 0
427, 69, 297, 92, 69, 297, 85, 0, 0
428, 64, 297, 87, 71, 297, 99, 0, 0
429, 64, 297, 90, 68, 297, 101, 0, 0
430, 64, 297, 90, 66, 297, 85, 0, 0
431, 64, 297, 87, 68, 297, 96, 0, 0
432, 64, 297, 90, 66, 297, 76, 0, 0
433, 76, 297, 89, 66, 297, 75, 0, 0
434, 82, 297, 78, 82, 297, 64, 0, 0
435, 78, 297, 87, 83, 297, 68, 0, 0
436, 73, 297, 87, 76, 297, 69, 0, 0
437, 80, 297, 75, 85, 297, 90, 0, 0
438, 82, 297, 87, 69, 297, 97, 0, 0
439, 76, 297, 90, 69, 297, 92, 0, 0
440, 80, 297, 90, 68, 297, 97, 0, 0
441, 69, 297, 92, 69, 297, 85, 0, 0
442, 64, 297, 87, 71, 297, 99, 0, 0
443, 64, 297, 90, 68, 297, 101, 0, 0
444, 64, 297, 90, 66, 297, 85, 0, 0
445, 64, 297, 87, 68, 297, 96, 0, 0
446, 64, 297, 90, 66, 297, 76, 0, 0
447, 76, 297, 89, 66, 297, 75, 0, 0
448, 82, 297, 78, 82, 297, 64, 0, 0
449, 78, 297, 87, 83, 297, 68, 0, 0
450, 73, 297, 87, 76, 297, 69, 0, 0
451, 80, 297, 75, 85, 297, 90, 0, 0
452, 82, 297, 87, 69, 297, 97, 0, 0
453, 76, 297, 90, 69, 297, 92, 0, 0
454, 80, 297, 90, 68, 297, 97, 0, 0
455, 69, 297, 92, 69, 297, 85, 0, 0
456, 64, 297, 87, 71, 297, 99, 0, 0
457, 64, 297, 90, 68, 297, 101, 0, 0
458, 64, 297, 90, 66, 297, 85, 0, 0
459, 64, 297, 87, 68, 297, 96, 0, 0
460, 64, 297, 90, 66, 297, 76, 0, 0
461, 76, 297, 89, 66, 297, 75, 0, 0
462, 82, 297, 78, 82, 297, 64, 0, 0
463, 78, 297, 87, 83, 297, 68, 0, 0
464, 73, 297, 87, 76, 297, 69, 0, 0
465, 80, 297, 75, 85, 297, 90, 0, 0
466, 82, 297, 87, 69, 297, 97, 0, 0
467, 76, 297, 90, 69, 297, 92, 0, 0
468, 80, 297, 90, 68, 297, 97, 0, 0
469, 69, 297, 92, 69, 297, 85, 0, 0
470, 64, 297, 87, 71, 297, 99, 0, 0
471, 64, 297, 90, 68, 297, 101, 0, 0
472, 64, 297, 90, 66, 297, 85, 0, 0
473, 64, 297, 87, 68, 297, 96, 0, 0
474, 64, 297, 90, 66, 297, 76, 0, 0
475, 76, 297, 89, 66, 297, 75, 0, 0
476, 82, 297, 78, 82, 297, 64, 0, 0
477, 78, 297, 87, 83, 297, 68, 0, 0
478, 73, 297, 87, 76, 297, 69, 0, 0
479, 80, 297, 75, 85, 297, 90, 0, 0
480, 82, 297, 87, 69, 297, 97, 0, 0
481, 76, 297, 90, 69, 297, 92, 0, 0
482, 80, 297, 90, 68, 297, 97, 0, 0
483, 69, 297, 92, 69, 297, 85, 0, 0
484, 64, 297, 87, 71, 297, 99, 0, 0
485, 64, 297, 90, 68, 297, 101, 0, 0
486, 64, 297, 90, 66, 297, 85, 0, 0
487, 64, 297, 87, 68, 297, 96, 0, 0
488, 64, 297, 90, 66, 297, 76, 0, 0
489, 76, 297, 89, 66, 297, 75, 0, 0
490, 82, 297, 78, 82, 297, 64, 0, 0
491, 78, 297, 87, 83, 297, 68, 0, 0
492, 73, 297, 87, 76, 297, 69, 0, 0
493, 80, 297, 75, 85, 297, 90, 0, 0
494, 82, 297, 87, 69, 297, 97, 0, 0
495, 76, 297, 90, 69, 297, 92, 0, 0
496, 80, 297, 90, 68, 297, 97, 0, 0
497, 69, 297, 92, 69, 297, 85, 0, 0
498, 64, 297, 87, 71, 297, 99, 0, 0
499, 64, 297, 90, 68, 297, 101, 0, 0
500, 64, 297, 90, 66, 297, 85, 0, 0
501, 64, 297, 87, 68, 297, 96, 0, 0
502, 64, 297, 90, 66, 297, 76, 0, 0
503, 76, 297, 89, 66, 297, 75, 0, 0
504, 82, 297, 78, 82, 297, 64, 0, 0
505, 78, 297, 87, 83, 297, 68, 0, 0
506, 73, 297, 87, 76, 297, 69, 0, 0
507, 80, 297, 75, 85, 297, 90, 0, 0
508, 82, 297, 87, 69, 297, 97, 0, 0
509, 76, 297, 90, 69, 297, 92, 0, 0
510, 80, 297, 90, 68, 297, 97, 0, 0
511, 69, 297, 92, 69, 297, 85, 0, 0
512, 64, 297, 87, 71, 297, 99, 0, 0
513, 64, 297, 90, 68, 297, 101, 0, 0
514, 64, 297, 90, 66, 297, 85, 0, 0
515, 64, 297, 87, 68, 297, 96, 0, 0
516, 64, 297, 90, 66, 297, 76, 0, 0
517, 76, 297, 89, 66, 297, 75, 0, 0
518, 82, 297, 78, 82, 297, 64, 0, 0
519, 78, 297, 87, 83, 297, 68, 0, 0
520, 73, 297, 87, 76, 297, 69, 0, 0
521, 80, 297, 75, 85, 297, 90, 0, 0
522, 82, 297, 87, 69, 297, 97, 0, 0
523, 76, 297, 90, 69, 297, 92, 0, 0
524, 80, 297, 90, 68, 297, 97, 0, 0
525, 69, 297, 92, 69, 297, 85, 0, 0
526, 64, 297, 87, 71, 297, 99, 0, 0
527, 64, 297, 90, 68, 297, 101, 0, 0
528, 64, 297, 90, 66, 297, 85, 0, 0
529, 64, 297, 87, 68, 297, 96, 0, 0
530, 64, 297, 90, 66, 297, 76, 0, 0
531, 76, 297, 89, 66, 297, 75, 0, 0
532, 82, 297, 78, 82, 297, 64, 0, 0
533, 78, 297, 87, 83, 297, 68, 0, 0
534, 73, 297, 87, 76, 297, 69, 0, 0
535, 80, 297, 75, 85, 297, 90, 0, 0
536, 82, 297, 87, 69, 297, 97, 0, 0
537, 76, 297, 90, 69, 297, 92, 0, 0
538, 80, 297, 90, 68, 297, 97, 0, 0
539, 69, 297, 92, 69, 297, 85, 0, 0
540, 64, 297, 87, 71, 297, 99, 0, 0
541, 64, 297, 90, 68, 297, 101, 0, 0
542, 64, 297, 90, 66, 297, 85, 0, 0
543, 64, 297, 87, 68, 297, 96, 0, 0
544, 64, 297, 90, 66, 297, 76, 0, 0
545, 76, 297, 89, 66, 297, 75, 0, 0
546, 82, 297, 78, 82, 297, 64, 0, 0
547, 78, 297, 87, 83, 297, 68, 0, 0
548, 73, 297, 87, 76, 297, 69, 0, 0
549, 80, 297, 75, 85, 297, 90, 0, 0
550, 82, 297, 87, 69, 297, 97, 0, 0
551, 76, 297, 90, 69, 297, 92, 0, 0
552, 80, 297, 90, 68, 297, 97, 0, 0
553, 69, 297, 92, 69, 297, 85, 0, 0
554, 64, 297, 87, 71, 297, 99, 0, 0
555, 64, 297, 90, 68, 297, 101, 0, 0
556, 64, 297, 90, 66, 297, 85, 0, 0
557, 64, 297, 87, 68, 297, 96, 0, 0
558, 64, 297, 90, 66, 297, 76, 0, 0
559, 76, 297, 89, 66, 297, 75, 0, 0
560, 82, 297, 78, 82, 297, 64, 0, 0
561, 78, 297, 87, 83, 297, 68, 0, 0
562, 73, 297, 87, 76, 297, 69, 0, 0
563, 80, 297, 75, 85, 297, 90, 0, 0
564, 82, 297, 87, 69, 297, 97, 0, 0
565, 76, 297, 90, 69, 297, 92, 0, 0
566, 80, 297, 90, 68, 297, 97, 0, 0
567, 69, 297, 92, 69, 297, 85, 0, 0
568, 64, 297, 87, 71, 297, 99, 0, 0
569, 64, 297, 90, 68, 297, 101, 0, 0
570, 64, 297, 90, 66, 297, 85, 0, 0
571, 64, 297, 87, 68, 297, 96, 0, 0
572, 64, 297, 90, 66, 297, 76, 0, 0
573, 76, 297, 89, 66, 297, 75, 0, 0
574, 82, 297, 78, 82, 297, 64, 0, 0
575, 78, 297, 87, 83, 297, 68, 0, 0
576, 73, 297, 87, 76, 297, 69, 0, 0
577, 80, 297, 75, 85, 297, 90, 0, 0
578, 82, 297, 87, 69, 297, 97, 0, 0
579, 76, 297, 90, 69, 297, 92, 0, 0
580, 80, 297, 90, 68, 297, 97, 0, 0
581, 69, 297, 92, 69, 297, 85, 0, 0
582, 64, 297, 87, 71, 297, 99, 0, 0
583, 64, 297, 90, 68, 297, 101, 0, 0
584, 64, 297, 90, 66, 297, 85, 0, 0
585, 64, 297, 87, 68, 297, 96, 0, 0
586, 64, 297, 90, 66, 297, 76, 0, 0
587, 76, 297, 89, 66, 297, 75, 0, 0
588, 82, 297, 78, 82, 297, 64, 0, 0
589, 78, 297, 87, 83, 297, 68, 0, 0
590, 73, 297, 87, 76, 297, 69, 0, 0
591, 80, 297, 75, 85, 297, 90, 0, 0
592, 82, 297, 87, 69, 297, 97, 0, 0
593, 76, 297, 90, 69, 297, 92, 0, 0
594, 80, 297, 90, 68, 297, 97, 0, 0
595, 69, 297, 92, 69, 297, 85, 0, 0
596, 64, 297, 87, 71, 297, 99, 0, 0
597, 64, 297, 90, 68, 297, 101, 0, 0
598, 64, 297, 90, 66, 297, 85, 0, 0
599, 64, 297, 87, 68, 297, 96, 0, 0
600, 64, 297, 90, 66, 297, 76, 0, 0
601, 76, 297, 89, 66, 297, 75, 0, 0
602, 82, 297, 78, 82, 297, 64, 0, 0
603, 78, 297, 87, 83, 297, 68, 0, 0
604, 73, 297, 87, 76, 297, 69, 0, 0
605, 80, 297, 75, 85, 297, 90, 0, 0
606, 82, 297, 87, 69, 297, 97, 0, 0
607, 76, 297, 90, 69, 297, 92, 0, 0
608, 80, 297, 90, 68, 297, 97, 0, 0
609, 69, 297, 92, 69, 297, 85, 0, 0
610, 64, 297, 87, 71, 297, 99, 0, 0
611, 64, 297, 90, 68, 297, 101, 0, 0
612, 64, 297, 90, 66, 297, 85, 0, 0
613, 64, 297, 87, 68, 297, 96, 0, 0
614, 64, 297, 90, 66, 297, 76, 0, 0
615, 76, 297, 89, 66, 297, 75, 0, 0
616, 82, 297, 78, 82, 297, 64, 0, 0
617, 78, 297, 87, 83, 297, 68, 0, 0
618, 73, 297, 87, 76, 297, 69, 0, 0
619, 80, 297, 75, 85, 297, 90, 0, 0
620, 82, 297, 87, 69, 297, 97, 0, 0
621, 76, 297, 90, 69, 297, 92, 0, 0
622, 80, 297, 90, 68, 297, 97, 0, 0
623, 69, 297, 92, 69, 297, 85, 0, 0
624, 64, 297, 87, 71, 297, 99, 0, 0
625, 64, 297, 90, 68, 297, 101, 0, 0
626, 64, 297, 90, 66, 297, 85, 0, 0
627, 64, 297, 87, 68, 297, 96, 0, 0
628, 64, 297, 90, 66, 297, 76, 0, 0
629, 76, 297, 89, 66, 297, 75, 0, 0
630, 82, 297, 78, 82, 297, 64, 0, 0
631, 78, 297, 87, 83, 297, 68, 0, 0
632, 73, 297, 87, 76, 297, 69, 0, 0
633, 80, 297, 75, 85, 297, 90, 0, 0
634, 82, 297, 87, 69, 297, 97, 0, 0
635, 76, 297, 90, 69, 297, 92, 0, 0
636, 80, 297, 90, 68, 297, 97, 0, 0
637, 69, 297, 92, 69, 297, 85, 0, 0
638, 64, 297, 87, 71, 297, 99, 0, 0
639, 64, 297, 90, 68, 297, 101, 0, 0
640, 64, 297, 90, 66, 297, 85, 0, 0
641, 64, 297, 87, 68, 297, 96, 0, 0
642, 64, 297, 90, 66, 297, 76, 0, 0
643, 76, 297, 89, 66, 297, 75, 0, 0
644, 82, 297, 78, 82, 297, 64, 0, 0
645, 78, 297, 87, 83, 297, 68, 0, 0
646, 73, 297, 87, 76, 297, 69, 0, 0
647, 80, 297, 75, 85, 297, 90, 0, 0
648, 82, 297, 87, 69, 297, 97, 0, 0
649, 76, 297, 90, 69, 297, 92, 0, 0
650, 80, 297, 90, 68, 297, 97, 0, 0
651, 69, 297, 92, 69, 297, 85, 0, 0
652, 64, 297, 87, 71, 297, 99, 0, 0
653, 64, 297, 90, 68, 297, 101, 0, 0
654, 64, 297, 90, 66, 297, 85, 0, 0
655, 64, 297, 87, 68, 297, 96, 0, 0
656, 64, 297, 90, 66, 297, 76, 0, 0
657, 76, 297, 89, 66, 297, 75, 0, 0
658, 82, 297, 78, 82, 297, 64, 0, 0
659, 78, 297, 87, 83, 297, 68, 0, 0
660, 73, 297, 87, 76, 297, 69, 0, 0
661, 80, 297, 75, 85, 297, 90, 0, 0
662, 82, 297, 87, 69, 297, 97, 0, 0
663, 76, 297, 90, 69, 297, 92, 0, 0
664, 80, 297, 90, 68, 297, 97, 0, 0
665, 69, 297, 92, 69, 297, 85, 0, 0
666, 64, 297, 87, 71, 297, 99, 0, 0
667, 64, 297, 90, 68, 297, 101, 0, 0
668, 64, 297, 90, 66, 297, 85, 0, 0
669, 64, 297, 87, 68, 297, 96, 0, 0
670, 64, 297, 90, 66, 297, 76, 0, 0
671, 76, 297, 89, 66, 297, 75, 0, 0
672, 82, 297, 78, 82, 297, 64, 0, 0
673, 78, 297, 87, 83, 297, 68, 0, 0
674, 73, 297, 87, 76, 297, 69, 0, 0
675, 80, 297, 75, 85, 297, 90, 0, 0
676, 82, 297, 87, 69, 297, 97, 0, 0
677, 76, 297, 90, 69, 297, 92, 0, 0
678, 80, 297, 90, 68, 297, 97, 0, 0
679, 69, 297, 92, 69, 297, 85, 0, 0
680, 64, 297, 87, 71, 297, 99, 0, 0
681, 64, 297, 90, 68, 297, 101, 0, 0
682, 64, 297, 90, 66, 297, 85, 0, 0
683, 64, 297, 87, 68, 297, 96, 0, 0
684, 64, 297, 90, 66, 297, 76, 0, 0
685, 76, 297, 89, 66, 297, 75, 0, 0
686, 82, 297, 78, 82, 297, 64, 0, 0
687, 78, 297, 87, 83, 297, 68, 0, 0
688, 73, 297, 87, 76, 297, 69, 0, 0
689, 80, 297, 75, 85, 297, 90, 0, 0
690, 82, 297, 87, 69, 297, 97, 0, 0
691, 76, 297, 90, 69, 297, 92, 0, 0
692, 80, 297, 90, 68, 297, 97, 0, 0
693, 69, 297, 92, 69, 297, 85, 0, 0
694, 64, 297, 87, 71, 297, 99, 0, 0
695, 64, 297, 90, 68, 297, 101, 0, 0
696, 64, 297, 90, 66, 297, 85, 0, 0
697, 64, 297, 87, 68, 297, 96, 0, 0
698, 64, 297, 90, 66, 297, 76, 0, 0
699, 76, 297, 89, 66, 297, 75, 0, 0
700, 82, 297, 78, 82, 297, 64, 0, 0
701, 78, 297, 87, 83, 297, 68, 0, 0
702, 73, 297, 87, 76, 297, 69, 0, 0
703, 80, 297, 75, 85, 297, 90, 0, 0
704, 82, 297, 87, 69, 297, 97, 0, 0
705, 76, 297, 90, 69, 297, 92, 0, 0
706, 80, 297, 90, 68, 297, 97, 0, 0
707, 69, 297, 92, 69, 297, 85, 0, 0
708, 64, 297, 87, 71, 297, 99, 0, 0
709, 64, 297, 90, 68, 297, 101, 0, 0
710, 64, 297, 90, 66, 297, 85, 0, 0
711, 64, 297, 87, 68, 297, 96, 0, 0
712, 64, 297, 90, 66, 297, 76, 0, 0
713, 76, 297, 89, 66, 297, 75, 0, 0
714, 82, 297, 78, 82, 297, 64, 0, 0
715, 78, 297, 87, 83, 297, 68, 0, 0
716, 73, 297, 87, 76, 297, 69, 0, 0
717, 80, 297, 75, 85, 297, 90, 0, 0
718, 82, 297, 87, 69, 297, 97, 0, 0
719, 76, 297, 90, 69, 297, 92, 0, 0
720, 80, 297, 90, 68, 297, 97, 0, 0
721, 69, 297, 92, 69, 297, 85, 0, 0
722, 64, 297, 87, 71, 297, 99, 0, 0
723, 64, 297, 90, 68, 297, 101, 0, 0
724, 64, 297, 90, 66, 297, 85, 0, 0
725, 64, 297, 87, 68, 297, 96, 0, 0
726, 64, 297, 90, 66, 297, 76, 0, 0
727, 76, 297, 89, 66, 297, 75, 0, 0
728, 82, 297, 78, 82, 297, 64, 0, 0
729, 78, 297, 87, 83, 297, 68, 0, 0
730, 73, 297, 87, 76, 297, 69, 0, 0
731, 80, 297, 75, 85, 297, 90, 0, 0
732, 82, 297, 87, 69, 297, 97, 0, 0
733, 76, 297, 90, 69, 297, 92, 0, 0
734, 80, 297, 90, 68, 297, 97, 0, 0
735, 69, 297, 92, 69, 297, 85, 0, 0
736, 64, 297, 87, 71, 297, 99, 0, 0
737, 64, 297, 90, 68, 297, 101, 0, 0
738, 64, 297, 90, 66, 297, 85, 0, 0
739, 64, 297, 87, 68, 297, 96, 0, 0
740, 64, 297, 90, 66, 297, 76, 0, 0
741, 76, 297, 89, 66, 297, 75, 0, 0
742, 82, 297, 78, 82, 297, 64, 0, 0
743, 78, 297, 87, 83, 297, 68, 0, 0
744, 73, 297, 87, 76, 297, 69, 0, 0
745, 80, 297, 75, 85, 297, 90, 0, 0
746, 82, 297, 87, 69, 297, 97, 0, 0
747, 76, 297, 90, 69, 297, 92, 0, 0
748, 80, 297, 90, 68, 297, 97, 0, 0
749, 69, 297, 92, 69, 297, 85, 0, 0
750, 64, 297, 87, 71, 297, 99, 0, 0
751, 64, 297, 90, 68, 297, 101, 0, 0
752, 64, 297, 90, 66, 297, 85, 0, 0
753, 64, 297, 87, 68, 297, 96, 0, 0
754, 64, 297, 90, 66, 297, 76, 0, 0
755, 76, 297, 89, 66, 297, 75, 0, 0
756, 82, 297, 78, 82, 297, 64, 0, 0
757, 78, 297, 87, 83, 297, 68, 0, 0
758, 73, 297, 87, 76, 297, 69, 0, 0
759, 80, 297, 75, 85, 297, 90, 0, 0
760, 82, 297, 87, 69, 297, 97, 0, 0
761, 76, 297, 90, 69, 297, 92, 0, 0
762, 80, 297, 90, 68, 297, 97, 0, 0
763, 69, 297, 92, 69, 297, 85, 0, 0
764, 64, 297, 87, 71, 297, 99, 0, 0
765, 64, 297, 90, 68, 297, 101, 0, 0
766, 64, 297, 90, 66, 297, 85, 0, 0
767, 64, 297, 87, 68, 297, 96, 0, 0
768, 64, 297, 90, 66, 297, 76, 0, 0
769, 76, 297, 89, 66, 297, 75, 0, 0
770, 82, 297, 78, 82, 297, 64, 0, 0
771, 78, 297, 87, 83, 297, 68, 0, 0
772, 73, 297, 87, 76, 297, 69, 0, 0
773, 80, 297, 75, 85, 297, 90, 0, 0
774, 82, 297, 87, 69, 297, 97, 0, 0
775, 76, 297, 90, 69, 297, 92, 0, 0
776, 80, 297, 90, 68, 297, 97, 0, 0
777, 69, 297, 92, 69, 297, 85, 0, 0
778, 64, 297, 87, 71, 297, 99, 0, 0
779, 64, 297, 90, 68, 297, 101, 0, 0
780, 64, 297, 90, 66, 297, 85, 0, 0
781, 64, 297, 87, 68, 297, 96, 0, 0
782, 64, 297, 90, 66, 297, 76, 0, 0
783, 76, 297, 89, 66, 297, 75, 0, 0
784, 82, 297, 78, 82, 297, 64, 0, 0
785, 78, 297, 87, 83, 297, 68, 0, 0
786, 73, 297, 87, 76, 297, 69, 0, 0
787, 80, 297, 75, 85, 297, 90, 0, 0
788, 82, 297, 87, 69, 297, 97, 0, 0
789, 76, 297, 90, 69, 297, 92, 0, 0
790, 80, 297, 90, 68, 297, 97, 0, 0
791, 69, 297, 92, 69, 297, 85, 0, 0
792, 64, 297, 87, 71, 297, 99, 0, 0
793, 64, 297, 90, 68, 297, 101, 0, 0
794, 64, 297, 90, 66, 297, 85, 0, 0
795, 64, 297, 87, 68, 297, 96, 0, 0
796, 64, 297, 90, 66, 297, 76, 0, 0
797, 76, 297, 89, 66, 297, 75, 0, 0
798, 82, 297, 78, 82, 297, 64, 0, 0
799, 78, 297, 87, 83, 297, 68, 0, 0
800, 73, 297, 87, 76, 297, 69, 0, 0
801, 80, 297, 75, 85, 297, 90, 0, 0
802, 82, 297, 87, 69, 297, 97, 0, 0
803, 76, 297, 90, 69, 297, 92, 0, 0
804, 80, 297, 90, 68, 297, 97, 0, 0
805, 69, 297, 92, 69, 297, 85, 0, 0
806, 64, 297, 87, 71, 297, 99, 0, 0
807, 64, 297, 90, 68, 297, 101, 0, 0
808, 64, 297, 90, 66, 297, 85, 0, 0
809, 64, 297, 87, 68, 297, 96, 0, 0
810, 64, 297, 90, 66, 297, 76, 0, 0
811, 76, 297, 89, 66, 297, 75, 0, 0
812, 82, 297, 78, 82, 297, 64, 0, 0
813, 78, 297, 87, 83, 297, 68, 0, 0
814, 73, 297, 87, 76, 297, 69, 0, 0
815, 80, 297, 75, 85, 297, 90, 0, 0
816, 82, 297, 87, 69, 297, 97, 0, 0
817, 76, 297, 90, 69, 297, 92, 0, 0
818, 80, 297, 90, 68, 297, 97, 0, 0
819, 69, 297, 92, 69, 297, 85, 0, 0
820, 64, 297, 87, 71, 297, 99, 0, 0
821, 64, 297, 90, 68, 297, 101, 0, 0
822, 64, 297, 90, 66, 297, 85, 0, 0
823, 64, 297, 87, 68, 297, 96, 0, 0
824, 64, 297, 90, 66, 297, 76, 0, 0
825, 76, 297, 89, 66, 297, 75, 0, 0
826, 82, 297, 78, 82, 297, 64, 0, 0
827, 78, 297, 87, 83, 297, 68, 0, 0
828, 73, 297, 87, 76, 297, 69, 0, 0
829, 80, 297, 75, 85, 297, 90, 0, 0
830, 82, 297, 87, 69, 297, 97, 0, 0
831, 76, 297, 90, 69, 297, 92, 0, 0
832, 80, 297, 90, 68, 297, 97, 0, 0
833, 69, 297, 92, 69, 297, 85, 0, 0
834, 64, 297, 87, 71, 297, 99, 0, 0
835, 64, 297, 90, 68, 297, 101, 0, 0
836, 64, 297, 90, 66, 297, 85, 0, 0
837, 64, 297, 87, 68, 297, 96, 0, 0
838, 64, 297, 90, 66, 297, 76, 0, 0
839, 76, 297, 89, 66, 297, 75, 0, 0
840, 82, 297, 78, 82, 297, 64, 0, 0
841, 78, 297, 87, 83, 297, 68, 0, 0
842, 73, 297, 87, 76, 297, 69, 0, 0
843, 80, 297, 75, 85, 297, 90, 0, 0
844, 82, 297, 87, 69, 297, 97, 0, 0
845, 76, 297, 90, 69, 297, 92, 0, 0
846, 80, 297, 90, 68, 297, 97, 0, 0
847, 69, 297, 92, 69, 297, 85, 0, 0
848, 64, 297, 87, 71, 297, 99, 0, 0
849, 64, 297, 90, 68, 297, 101, 0, 0
850, 64, 297, 90, 66, 297, 85, 0, 0
851, 64, 297, 87, 68, 297, 96, 0, 0
852, 64, 297, 90, 66, 297, 76, 0, 0
853, 76, 297, 89, 66, 297, 75, 0, 0
854, 82, 297, 78, 82, 297, 64, 0, 0
855, 78, 297, 87, 83, 297, 68, 0, 0
856, 73, 297, 87, 76, 297, 69, 0, 0
857, 80, 297, 75, 85, 297, 90, 0, 0
858, 82, 297, 87, 69, 297, 97, 0, 0
859, 76, 297, 90, 69, 297, 92, 0, 0
860, 80, 297, 90, 68, 297, 97, 0, 0
861, 69, 297, 92, 69, 297, 85, 0, 0
862, 64, 297, 87, 71, 297, 99, 0, 0
863, 64, 297, 90, 68, 297, 101, 0, 0
864, 64, 297, 90, 66, 297, 85, 0, 0
865, 64, 297, 87, 68, 297, 96, 0, 0
866, 64, 297, 90, 66, 297, 76, 0, 0
867, 76, 297, 89, 66, 297, 75, 0, 0
868, 82, 297, 78, 82, 297, 64, 0, 0
869, 78, 297, 87, 83, 297, 68, 0, 0
870, 73, 297, 87, 76, 297, 69, 0, 0
871, 80, 297, 75, 85, 297, 90, 0, 0
872, 82, 297, 87, 69, 297, 97, 0, 0
873, 76, 297, 90, 69, 297, 92, 0, 0
874, 80, 297, 90, 68, 297, 97, 0, 0
875, 69, 297, 92, 69, 297, 85, 0, 0
876, 64, 297, 87, 71, 297, 99, 0, 0
877, 64, 297, 90, 68, 297, 101, 0, 0
878, 64, 297, 90, 66, 297, 85, 0, 0
879, 64, 297, 87, 68, 297, 96, 0, 0
880, 64, 297, 90, 66, 297, 76, 0, 0
881, 76, 297, 89, 66, 297, 75, 0, 0
882, 82, 297, 78, 82, 297, 64, 0, 0
883, 78, 297, 87, 83, 297, 68, 0, 0
884, 73, 297, 87, 76, 297, 69, 0, 0
885, 80, 297, 75, 85, 297, 90, 0, 0
886, 82, 297, 87, 69, 297, 97, 0, 0
887, 76, 297, 90, 69, 297, 92, 0, 0
888, 80, 297, 90, 68, 297, 97, 0, 0
889, 69, 297, 92, 69, 297, 85, 0, 0
890, 64, 297, 87, 71, 297, 99, 0, 0
891, 64, 297, 90, 68, 297, 101, 0, 0
892, 64, 297, 90, 66, 297, 85, 0, 0
893, 64, 297, 87, 68, 297, 96, 0, 0
894, 64, 297, 90, 66, 297, 76, 0, 0
895, 76, 297, 89, 66, 297, 75, 0, 0
896, 82, 297, 78, 82, 297, 64, 0, 0
897, 78, 297, 87, 83, 297, 68, 0, 0
898, 73, 297, 87, 76, 297, 69, 0, 0
899, 80, 297, 75, 85, 297, 90, 0, 0
900, 82, 297, 87, 69, 297, 97, 0, 0
901, 76, 297, 90, 69, 297, 92, 0, 0
902, 80, 297, 90, 68, 297, 97, 0, 0
903, 69, 297, 92, 69, 297, 85, 0, 0
904, 64, 297, 87, 71, 297, 99, 0, 0
905, 64, 297, 90, 68, 297, 101, 0, 0
906, 64, 297, 90, 66, 297, 85, 0, 0
907, 64, 297, 87, 68, 297, 96, 0, 0
908, 64, 297, 90, 66, 297, 76, 0, 0
909, 76, 297, 89, 66, 297, 75, 0, 0
910, 82, 297, 78, 82, 297, 64, 0, 0
911, 78, 297, 87, 83, 297, 68, 0, 0
912, 73, 297, 87, 76, 297, 69, 0, 0
913, 80, 297, 75, 85, 297, 90, 0, 0
914, 82, 297, 87, 69, 297, 97, 0, 0
915, 76, 297, 90, 69, 297, 92, 0, 0
916, 80, 297, 90, 68, 297, 97, 0, 0
917, 69, 297, 92, 69, 297, 85, 0, 0
918, 64, 297, 87, 71, 297, 99, 0, 0
919, 64, 297, 90, 68, 297, 101, 0, 0
920, 64, 297, 90, 66, 297, 85, 0, 0
921, 64, 297, 87, 68, 297, 96, 0, 0
922, 64, 297, 90, 66, 297, 76, 0, 0
923, 76, 297, 89, 66, 297, 75, 0, 0
924, 82, 297, 78, 82, 297, 64, 0, 0
925, 78, 297, 87, 83, 297, 68, 0, 0
926, 73, 297, 87, 76, 297, 69, 0, 0
927, 80, 297, 75, 85, 297, 90, 0, 0
928, 82, 297, 87, 69, 297, 97, 0, 0
929, 76, 297, 90, 69, 297, 92, 0, 0
930, 80, 297, 90, 68, 297, 97, 0, 0
931, 69, 297, 92, 69, 297, 85, 0, 0
932, 64, 297, 87, 71, 297, 99, 0, 0
933, 64, 297, 90, 68, 297, 101, 0, 0
934, 64, 297, 90, 66, 297, 85, 0, 0
935, 64, 297, 87, 68, 297, 96, 0, 0
936, 64, 297, 90, 66, 297, 76, 0, 0
937, 76, 297, 89, 66, 297, 75, 0, 0
938, 82, 297, 78, 82, 297, 64, 0, 0
939, 78, 297, 87, 83, 297, 68, 0, 0
940, 73, 297, 87, 76, 297, 69, 0, 0
941, 80, 297, 75, 85, 297, 90, 0, 0
942, 82, 297, 87, 69, 297, 97, 0, 0
943, 76, 297, 90, 69, 297, 92, 0, 0
944, 80, 297, 90, 68, 297, 97, 0, 0
945, 69, 297, 92, 69, 297, 85, 0, 0
946, 64, 297, 87, 71, 297, 99, 0, 0
947, 64, 297, 90, 68, 297, 101, 0, 0
948, 64, 297, 90, 66, 297, 85, 0, 0
949, 64, 297, 87, 68, 297, 96, 0, 0
950, 64, 297, 90, 66, 297, 76, 0, 0
951, 76, 297, 89, 66, 297, 75, 0, 0
952, 82, 297, 78, 82, 297, 64, 0, 0
953, 78, 297, 87, 83, 297, 68, 0, 0
954, 73, 297, 87, 76, 297, 69, 0, 0
955, 80, 297, 75, 85, 297, 90, 0, 0
956, 82, 297, 87, 69, 297, 97, 0, 0
957, 76, 297, 90, 69, 297, 92, 0, 0
958, 80, 297, 90, 68, 297, 97, 0, 0
959, 69, 297, 92, 69, 297, 85, 0, 0
960, 64, 297, 87, 71, 297, 99, 0, 0
961, 64, 297, 90, 68, 297, 101, 0, 0
962, 64, 297, 90, 66, 297, 85, 0, 0
963, 64, 297, 87, 68, 297, 96, 0, 0
964, 64, 297, 90, 66, 297, 76, 0, 0
965, 76, 297, 89, 66, 297, 75, 0, 0
966, 82, 297, 78, 82, 297, 64, 0, 0
967, 78, 297, 87, 83, 297, 68, 0, 0
968, 73, 297, 87, 76, 297, 69, 0, 0
969, 80, 297, 75, 85, 297, 90, 0, 0
970, 82, 297, 87, 69, 297, 97, 0, 0
971, 76, 297, 90, 69, 297, 92, 0, 0
972, 80, 297, 90, 68, 297, 97, 0, 0
973, 69, 297, 92, 69, 297, 85, 0, 0
974, 64, 297, 87, 71, 297, 99, 0, 0
975, 64, 297, 90, 68, 297, 101, 0, 0
976, 64, 297, 90, 66, 297, 85, 0, 0
977, 64, 297, 87, 68, 297, 96, 0, 0
978, 64, 297, 90, 66, 297, 76, 0, 0
979, 76, 297, 89, 66, 297, 75, 0, 0
980, 82, 297, 78, 82, 297, 64, 0, 0
981, 78, 297, 87, 83, 297, 68, 0, 0
982, 73, 297, 87, 76, 297, 69, 0, 0
983, 80, 297, 75, 85, 297, 90, 0, 0
984, 82, 297, 87, 69, 297, 97, 0, 0
985, 76, 297, 90, 69, 297, 92, 0, 0
986, 80, 297, 90, 68, 297, 97, 0, 0
987, 69, 297, 92, 69, 297, 85, 0, 0
988, 64, 297, 87, 71, 297, 99, 0, 0
989, 64, 297, 90, 68, 297, 101, 0, 0
990, 64, 297, 90, 66, 297, 85, 0, 0
991, 64, 297, 87, 68, 297, 96, 0, 0
992, 64, 297, 90, 66, 297, 76, 0, 0
993, 76, 297, 89, 66, 297, 75, 0, 0
994, 82, 297, 78, 82, 297, 64, 0, 0
995, 78, 297, 87, 83, 297, 68, 0, 0
996, 73, 297, 87, 76, 297, 69, 0, 0
997, 80, 297, 75, 85, 297, 90, 0, 0
998, 82, 297, 87, 69, 297, 97, 0, 0
999, 76, 297, 90, 69, 297, 92, 0, 0
