0, 77, 50, 80, 80, 51, 84, 69, 90
1, 65, 50, 78, 64, 50, 72, 50, 90
2, 71, 50, 53, 72, 50, 65, 51, 90
3, 63, 50, 60, 69, 50, 70, 50, 90
4, 70, 50, 55, 71, 50, 58, 50, 90
5, 74, 50, 51, 75, 50, 58, 50, 90
6, 62, 50, 63, 68, 50, 66, 50, 90
7, 72, 50, 53, 72, 50, 60, 50, 90
8, 75, 50, 59, 73, 50, 69, 50, 90
9, 64, 50, 65, 69, 50, 71, 50, 90
10, 75, 50, 51, 70, 50, 71, 50, 90
11, 64, 50, 66, 68, 50, 70, 50, 90
12, 71, 50, 51, 69, 50, 56, 50, 90
13, 63, 50, 62, 67, 50, 66, 50, 90
14, 76, 50, 54, 72, 50, 54, 50, 90
15, 68, 50, 50, 71, 50, 56, 52, 90
16, 71, 50, 50, 70, 50, 57, 50, 90
17, 75, 50, 50, 73, 50, 56, 50, 90
18, 64, 50, 62, 66, 50, 66, 50, 90
19, 74, 50, 54, 73, 50, 71, 50, 90
20, 63, 50, 62, 69, 50, 68, 50, 90
21, 70, 50, 53, 73, 50, 60, 50, 90
22, 75, 50, 57, 68, 50, 55, 50, 90
23, 66, 50, 59, 69, 50, 56, 50, 90
24, 72, 50, 52, 73, 50, 55, 50, 90
25, 62, 50, 63, 67, 50, 67, 50, 90
26, 70, 50, 53, 72, 50, 60, 50, 90
27, 64, 50, 63, 69, 50, 67, 50, 90
28, 76, 50, 54, 73, 50, 67, 50, 90
29, 66, 50, 62, 69, 50, 67, 50, 90
30, 75, 50, 54, 71, 50, 71, 50, 90
31, 64, 50, 62, 68, 50, 68, 50, 90
32, 76, 50, 53, 73, 50, 59, 50, 90
33, 77, 50, 53, 70, 50, 58, 50, 90
34, 64, 50, 59, 72, 50, 68, 50, 90
35, 75, 50, 50, 73, 50, 53, 51, 90
36, 67, 50, 60, 68, 50, 63, 50, 90
37, 76, 50, 53, 73, 50, 52, 50, 90
38, 66, 50, 63, 66, 50, 64, 50, 90
39, 76, 50, 52, 72, 50, 71, 50, 90
40, 66, 50, 67, 69, 50, 70, 50, 90
41, 75, 50, 56, 72, 50, 61, 50, 90
42, 77, 50, 52, 74, 50, 50, 50, 90
43, 72, 50, 59, 66, 50, 64, 50, 90
44, 73, 50, 54, 70, 50, 71, 50, 90
45, 74, 50, 51, 75, 50, 60, 50, 90
46, 63, 50, 63, 68, 50, 68, 50, 90
47, 70, 50, 53, 72, 50, 60, 50, 90
48, 64, 50, 63, 69, 50, 67, 50, 90
49, 76, 50, 54, 73, 50, 67, 50, 90
50, 66, 50, 62, 69, 50, 67, 50, 90
51, 75, 50, 54, 71, 50, 71, 50, 90
52, 64, 50, 62, 68, 50, 68, 50, 90
53, 76, 50, 53, 73, 50, 59, 50, 90
54, 77, 50, 53, 70, 50, 58, 50, 90
55, 64, 50, 59, 72, 50, 68, 50, 90
56, 75, 50, 50, 73, 50, 53, 51, 90
57, 67, 50, 60, 68, 50, 63, 50, 90
58, 76, 50, 53, 73, 50, 52, 50, 90
59, 66, 50, 63, 66, 50, 64, 50, 90
60, 76, 50, 52, 72, 50, 71, 50, 90
61, 66, 50, 67, 69, 50, 70, 50, 90
62, 75, 50, 56, 72, 50, 61, 50, 90
63, 77, 50, 52, 74, 50, 50, 50, 90
64, 72, 50, 59, 66, 50, 64, 50, 90
65, 73, 50, 54, 70, 50, 71, 50, 90
66, 74, 50, 51, 75, 50, 60, 50, 90
67, 63, 50, 63, 68, 50, 68, 50, 90
68, 70, 50, 53, 72, 50, 60, 50, 90
69, 64, 50, 63, 69, 50, 67, 50, 90
70, 76, 50, 54, 73, 50, 67, 50, 90
71, 66, 50, 62, 69, 50, 67, 50, 90
72, 75, 50, 54, 71, 50, 71, 50, 90
73, 64, 50, 62, 68, 50, 68, 50, 90
74, 76, 50, 53, 73, 50, 59, 50, 90
75, 77, 50, 53, 70, 50, 58, 50, 90
76, 64, 50, 59, 72, 50, 68, 50, 90
77, 75, 50, 50, 73, 50, 53, 51, 90
78, 67, 50, 60, 68, 50, 63, 50, 90
79, 76, 50, 53, 73, 50, 52, 50, 90
80, 66, 50, 63, 66, 50, 64, 50, 90
81, 76, 50, 52, 72, 50, 71, 50, 90
82, 66, 50, 67, 69, 50, 70, 50, 90
83, 75, 50, 56, 72, 50, 61, 50, 90
84, 77, 50, 52, 74, 50, 50, 50, 90
85, 72, 50, 59, 66, 50, 64, 50, 90
86, 73, 50, 54, 70, 50, 71, 50, 90
87, 74, 50, 51, 75, 50, 60, 50, 90
88, 63, 50, 63, 68, 50, 68, 50, 90
89, 70, 50, 53, 72, 50, 60, 50, 90
90, 64, 50, 63, 69, 50, 67, 50, 90
91, 76, 50, 54, 73, 50, 67, 50, 90
92, 66, 50, 62, 69, 50, 67, 50, 90
93, 75, 50, 54, 71, 50, 71, 50, 90
94, 64, 50, 62, 68, 50, 68, 50, 90
95, 76, 50, 53, 73, 50, 59, 50, 90
96, 77, 50, 53, 70, 50, 58, 50, 90
97, 64, 50, 59, 72, 50, 68, 50, 90
98, 75, 50, 50, 73, 50, 53, 51, 90
99, 67, 50, 60, 68, 50, 63, 50, 90
100, 76, 50, 53, 73, 50, 52, 50, 90
101, 66, 50, 63, 66, 50, 64, 50, 90
102, 76, 50, 52, 72, 50, 71, 50, 90
103, 66, 50, 67, 69, 50, 70, 50, 90
104, 75, 50, 56, 72, 50, 61, 50, 90
105, 77, 50, 52, 74, 50, 50, 50, 90
106, 72, 50, 59, 66, 50, 64, 50, 90
107, 73, 50, 54, 70, 50, 71, 50, 90
108, 74, 50, 51, 75, 50, 60, 50, 90
109, 63, 50, 63, 68, 50, 68, 50, 90
110, 70, 50, 53, 72, 50, 60, 50, 90
111, 64, 50, 63, 69, 50, 67, 50, 90
112, 76, 50, 54, 73, 50, 67, 50, 90
113, 66, 50, 62, 69, 50, 67, 50, 90
114, 75, 50, 54, 71, 50, 71, 50, 90
115, 64, 50, 62, 68, 50, 68, 50, 90
116, 76, 50, 53, 73, 50, 59, 50, 90
117, 77, 50, 53, 70, 50, 58, 50, 90
118, 64, 50, 59, 72, 50, 68, 50, 90
119, 75, 50, 50, 73, 50, 53, 51, 90
120, 67, 50, 60, 68, 50, 63, 50, 90
121, 76, 50, 53, 73, 50, 52, 50, 90
122, 66, 50, 63, 66, 50, 64, 50, 90
123, 76, 50, 52, 72, 50, 71, 50, 90
124, 66, 50, 67, 69, 50, 70, 50, 90
125, 75, 50, 56, 72, 50, 61, 50, 90
126, 77, 50, 52, 74, 50, 50, 50, 90
127, 72, 50, 59, 66, 50, 64, 50, 90
128, 73, 50, 54, 70, 50, 71, 50, 90
129, 74, 50, 51, 75, 50, 60, 50, 90
130, 63, 50, 63, 68, 50, 68, 50, 90
131, 70, 50, 53, 72, 50, 60, 50, 90
132, 64, 50, 63, 69, 50, 67, 50, 90
133, 76, 50, 54, 73, 50, 67, 50, 90
134, 66, 50, 62, 69, 50, 67, 50, 90
135, 75, 50, 54, 71, 50, 71, 50, 90
136, 64, 50, 62, 68, 50, 68, 50, 90
137, 76, 50, 53, 73, 50, 59, 50, 90
138, 77, 50, 53, 70, 50, 58, 50, 90
139, 64, 50, 59, 72, 50, 68, 50, 90
140, 75, 50, 50, 73, 50, 53, 51, 90
141, 67, 50, 60, 68, 50, 63, 50, 90
142, 76, 50, 53, 73, 50, 52, 50, 90
143, 66, 50, 63, 66, 50, 64, 50, 90
144, 76, 50, 52, 72, 50, 71, 50, 90
145, 66, 50, 67, 69, 50, 70, 50, 90
146, 75, 50, 56, 72, 50, 61, 50, 90
147, 77, 50, 52, 74, 50, 50, 50, 90
148, 72, 50, 59, 66, 50, 64, 50, 90
149, 73, 50, 54, 70, 50, 71, 50, 90
150, 74, 50, 51, 75, 50, 60, 50, 90
151, 63, 50, 63, 68, 50, 68, 50, 90
152, 70, 50, 53, 72, 50, 60, 50, 90
153, 64, 50, 63, 69, 50, 67, 50, 90
154, 76, 50, 54, 73, 50, 67, 50, 90
155, 66, 50, 62, 69, 50, 67, 50, 90
156, 75, 50, 54, 71, 50, 71, 50, 90
157, 64, 50, 62, 68, 50, 68, 50, 90
158, 76, 50, 53, 73, 50, 59, 50, 90
159, 77, 50, 53, 70, 50, 58, 50, 90
160, 64, 50, 59, 72, 50, 68, 50, 90
161, 75, 50, 50, 73, 50, 53, 51, 90
162, 67, 50, 60, 68, 50, 63, 50, 90
163, 76, 50, 53, 73, 50, 52, 50, 90
164, 66, 50, 63, 66, 50, 64, 50, 90
165, 76, 50, 52, 72, 50, 71, 50, 90
166, 66, 50, 67, 69, 50, 70, 50, 90
167, 75, 50, 56, 72, 50, 61, 50, 90
168, 77, 50, 52, 74, 50, 50, 50, 90
169, 72, 50, 59, 66, 50, 64, 50, 90
170, 73, 50, 54, 70, 50, 71, 50, 90
171, 74, 50, 51, 75, 50, 60, 50, 90
172, 63, 50, 63, 68, 50, 68, 50, 90
173, 70, 50, 53, 72, 50, 60, 50, 90
174, 64, 50, 63, 69, 50, 67, 50, 90
175, 76, 50, 54, 73, 50, 67, 50, 90
176, 66, 50, 62, 69, 50, 67, 50, 90
177, 75, 50, 54, 71, 50, 71, 50, 90
178, 64, 50, 62, 68, 50, 68, 50, 90
179, 76, 50, 53, 73, 50, 59, 50, 90
180, 77, 50, 53, 70, 50, 58, 50, 90
181, 64, 50, 59, 72, 50, 68, 50, 90
182, 75, 50, 50, 73, 50, 53, 51, 90
183, 67, 50, 60, 68, 50, 63, 50, 90
184, 76, 50, 53, 73, 50, 52, 50, 90
185, 66, 50, 63, 66, 50, 64, 50, 90
186, 76, 50, 52, 72, 50, 71, 50, 90
187, 66, 50, 67, 69, 50, 70, 50, 90
188, 75, 50, 56, 72, 50, 61, 50, 90
189, 77, 50, 52, 74, 50, 50, 50, 90
190, 72, 50, 59, 66, 50, 64, 50, 90
191, 73, 50, 54, 70, 50, 71, 50, 90
192, 74, 50, 51, 75, 50, 60, 50, 90
193, 63, 50, 63, 68, 50, 68, 50, 90
194, 70, 50, 53, 72, 50, 60, 50, 90
195, 64, 50, 63, 69, 50, 67, 50, 90
196, 76, 50, 54, 73, 50, 67, 50, 90
197, 66, 50, 62, 69, 50, 67, 50, 90
198, 75, 50, 54, 71, 50, 71, 50, 90
199, 64, 50, 62, 68, 50, 68, 50, 90
200, 76, 50, 53, 73, 50, 59, 50, 90
201, 77, 50, 53, 70, 50, 58, 50, 90
202, 64, 50, 59, 72, 50, 68, 50, 90
203, 75, 50, 50, 73, 50, 53, 51, 90
204, 67, 50, 60, 68, 50, 63, 50, 90
205, 76, 50, 53, 73, 50, 52, 50, 90
206, 66, 50, 63, 66, 50, 64, 50, 90
207, 76, 50, 52, 72, 50, 71, 50, 90
208, 66, 50, 67, 69, 50, 70, 50, 90
209, 75, 50, 56, 72, 50, 61, 50, 90
210, 77, 50, 52, 74, 50, 50, 50, 90
211, 72, 50, 59, 66, 50, 64, 50, 90
212, 73, 50, 54, 70, 50, 71, 50, 90
213, 74, 50, 51, 75, 50, 60, 50, 90
214, 63, 50, 63, 68, 50, 68, 50, 90
215, 70, 50, 53, 72, 50, 60, 50, 90
216, 64, 50, 63, 69, 50, 67, 50, 90
217, 76, 50, 54, 73, 50, 67, 50, 90
218, 66, 50, 62, 69, 50, 67, 50, 90
219, 75, 50, 54, 71, 50, 71, 50, 90
220, 64, 50, 62, 68, 50, 68, 50, 90
221, 76, 50, 53, 73, 50, 59, 50, 90
222, 77, 50, 53, 70, 50, 58, 50, 90
223, 64, 50, 59, 72, 50, 68, 50, 90
224, 75, 50, 50, 73, 50, 53, 51, 90
225, 67, 50, 60, 68, 50, 63, 50, 90
226, 76, 50, 53, 73, 50, 52, 50, 90
227, 66, 50, 63, 66, 50, 64, 50, 90
228, 76, 50, 52, 72, 50, 71, 50, 90
229, 66, 50, 67, 69, 50, 70, 50, 90
230, 75, 50, 56, 72, 50, 61, 50, 90
231, 77, 50, 52, 74, 50, 50, 50, 90
232, 72, 50, 59, 66, 50, 64, 50, 90
233, 73, 50, 54, 70, 50, 71, 50, 90
234, 74, 50, 51, 75, 50, 60, 50, 90
235, 63, 50, 63, 68, 50, 68, 50, 90
236, 70, 50, 53, 72, 50, 60, 50, 90
237, 64, 50, 63, 69, 50, 67, 50, 90
238, 76, 50, 54, 73, 50, 67, 50, 90
239, 66, 50, 62, 69, 50, 67, 50, 90
240, 75, 50, 54, 71, 50, 71, 50, 90
241, 64, 50, 62, 68, 50, 68, 50, 90
242, 76, 50, 53, 73, 50, 59, 50, 90
243, 77, 50, 53, 70, 50, 58, 50, 90
244, 64, 50, 59, 72, 50, 68, 50, 90
245, 75, 50, 50, 73, 50, 53, 51, 90
246, 67, 50, 60, 68, 50, 63, 50, 90
247, 76, 50, 53, 73, 50, 52, 50, 90
248, 66, 50, 63, 66, 50, 64, 50, 90
249, 76, 50, 52, 72, 50, 71, 50, 90
250, 66, 50, 67, 69, 50, 70, 50, 90
251, 75, 50, 56, 72, 50, 61, 50, 90
252, 77, 50, 52, 74, 50, 50, 50, 90
253, 72, 50, 59, 66, 50, 64, 50, 90
254, 73, 50, 54, 70, 50, 71, 50, 90
255, 74, 50, 51, 75, 50, 60, 50, 90
256, 63, 50, 63, 68, 50, 68, 50, 90
257, 70, 50, 53, 72, 50, 60, 50, 90
258, 64, 50, 63, 69, 50, 67, 50, 90
259, 76, 50, 54, 73, 50, 67, 50, 90
260, 66, 50, 62, 69, 50, 67, 50, 90
261, 75, 50, 54, 71, 50, 71, 50, 90
262, 64, 50, 62, 68, 50, 68, 50, 90
263, 76, 50, 53, 73, 50, 59, 50, 90
264, 77, 50, 53, 70, 50, 58, 50, 90
265, 64, 50, 59, 72, 50, 68, 50, 90
266, 75, 50, 50, 73, 50, 53, 51, 90
267, 67, 50, 60, 68, 50, 63, 50, 90
268, 76, 50, 53, 73, 50, 52, 50, 90
269, 66, 50, 63, 66, 50, 64, 50, 90
270, 76, 50, 52, 72, 50, 71, 50, 90
271, 66, 50, 67, 69, 50, 70, 50, 90
272, 75, 50, 56, 72, 50, 61, 50, 90
273, 77, 50, 52, 74, 50, 50, 50, 90
274, 72, 50, 59, 66, 50, 64, 50, 90
275, 73, 50, 54, 70, 50, 71, 50, 90
276, 74, 50, 51, 75, 50, 60, 50, 90
277, 63, 50, 63, 68, 50, 68, 50, 90
278, 70, 50, 53, 72, 50, 60, 50, 90
279, 64, 50, 63, 69, 50, 67, 50, 90
280, 76, 50, 54, 73, 50, 67, 50, 90
281, 66, 50, 62, 69, 50, 67, 50, 90
282, 75, 50, 54, 71, 50, 71, 50, 90
283, 64, 50, 62, 68, 50, 68, 50, 90
284, 76, 50, 53, 73, 50, 59, 50, 90
285, 77, 50, 53, 70, 50, 58, 50, 90
286, 64, 50, 59, 72, 50, 68, 50, 90
287, 75, 50, 50, 73, 50, 53, 51, 90
288, 67, 50, 60, 68, 50, 63, 50, 90
289, 76, 50, 53, 73, 50, 52, 50, 90
290, 66, 50, 63, 66, 50, 64, 50, 90
291, 76, 50, 52, 72, 50, 71, 50, 90
292, 66, 50, 67, 69, 50, 70, 50, 90
293, 75, 50, 56, 72, 50, 61, 50, 90
294, 77, 50, 52, 74, 50, 50, 50, 90
295, 72, 50, 59, 66, 50, 64, 50, 90
296, 73, 50, 54, 70, 50, 71, 50, 90
297, 74, 50, 51, 75, 50, 60, 50, 90
298, 63, 50, 63, 68, 50, 68, 50, 90
299, 70, 50, 53, 72, 50, 60, 50, 90
300, 64, 50, 63, 69, 50, 67, 50, 90
301, 76, 50, 54, 73, 50, 67, 50, 90
302, 66, 50, 62, 69, 50, 67, 50, 90
303, 75, 50, 54, 71, 50, 71, 50, 90
304, 64, 50, 62, 68, 50, 68, 50, 90
305, 76, 50, 53, 73, 50, 59, 50, 90
306, 77, 50, 53, 70, 50, 58, 50, 90
307, 64, 50, 59, 72, 50, 68, 50, 90
308, 75, 50, 50, 73, 50, 53, 51, 90
309, 67, 50, 60, 68, 50, 63, 50, 90
310, 76, 50, 53, 73, 50, 52, 50, 90
311, 66, 50, 63, 66, 50, 64, 50, 90
312, 76, 50, 52, 72, 50, 71, 50, 90
313, 66, 50, 67, 69, 50, 70, 50, 90
314, 75, 50, 56, 72, 50, 61, 50, 90
315, 77, 50, 52, 74, 50, 50, 50, 90
316, 72, 50, 59, 66, 50, 64, 50, 90
317, 73, 50, 54, 70, 50, 71, 50, 90
318, 74, 50, 51, 75, 50, 60, 50, 90
319, 63, 50, 63, 68, 50, 68, 50, 90
320, 70, 50, 53, 72, 50, 60, 50, 90
321, 64, 50, 63, 69, 50, 67, 50, 90
322, 76, 50, 54, 73, 50, 67, 50, 90
323, 66, 50, 62, 69, 50, 67, 50, 90
324, 75, 50, 54, 71, 50, 71, 50, 90
325, 64, 50, 62, 68, 50, 68, 50, 90
326, 76, 50, 53, 73, 50, 59, 50, 90
327, 77, 50, 53, 70, 50, 58, 50, 90
328, 64, 50, 59, 72, 50, 68, 50, 90
329, 75, 50, 50, 73, 50, 53, 51, 90
330, 67, 50, 60, 68, 50, 63, 50, 90
331, 76, 50, 53, 73, 50, 52, 50, 90
332, 66, 50, 63, 66, 50, 64, 50, 90
333, 76, 50, 52, 72, 50, 71, 50, 90
334, 66, 50, 67, 69, 50, 70, 50, 90
335, 75, 50, 56, 72, 50, 61, 50, 90
336, 77, 50, 52, 74, 50, 50, 50, 90
337, 72, 50, 59, 66, 50, 64, 50, 90
338, 73, 50, 54, 70, 50, 71, 50, 90
339, 74, 50, 51, 75, 50, 60, 50, 90
340, 63, 50, 63, 68, 50, 68, 50, 90
341, 70, 50, 53, 72, 50, 60, 50, 90
342, 64, 50, 63, 69, 50, 67, 50, 90
343, 76, 50, 54, 73, 50, 67, 50, 90
344, 66, 50, 62, 69, 50, 67, 50, 90
345, 75, 50, 54, 71, 50, 71, 50, 90
346, 64, 50, 62, 68, 50, 68, 50, 90
347, 76, 50, 53, 73, 50, 59, 50, 90
348, 77, 50, 53, 70, 50, 58, 50, 90
349, 64, 50, 59, 72, 50, 68, 50, 90
350, 75, 50, 50, 73, 50, 53, 51, 90
351, 67, 50, 60, 68, 50, 63, 50, 90
352, 76, 50, 53, 73, 50, 52, 50, 90
353, 66, 50, 63, 66, 50, 64, 50, 90
354, 76, 50, 52, 72, 50, 71, 50, 90
355, 66, 50, 67, 69, 50, 70, 50, 90
356, 75, 50, 56, 72, 50, 61, 50, 90
357, 77, 50, 52, 74, 50, 50, 50, 90
358, 72, 50, 59, 66, 50, 64, 50, 90
359, 73, 50, 54, 70, 50, 71, 50, 90
360, 74, 50, 51, 75, 50, 60, 50, 90
361, 63, 50, 63, 68, 50, 68, 50, 90
362, 70, 50, 53, 72, 50, 60, 50, 90
363, 64, 50, 63, 69, 50, 67, 50, 90
364, 76, 50, 54, 73, 50, 67, 50, 90
365, 66, 50, 62, 69, 50, 67, 50, 90
366, 75, 50, 54, 71, 50, 71, 50, 90
367, 64, 50, 62, 68, 50, 68, 50, 90
368, 76, 50, 53, 73, 50, 59, 50, 90
369, 77, 50, 53, 70, 50, 58, 50, 90
370, 64, 50, 59, 72, 50, 68, 50, 90
371, 75, 50, 50, 73, 50, 53, 51, 90
372, 67, 50, 60, 68, 50, 63, 50, 90
373, 76, 50, 53, 73, 50, 52, 50, 90
374, 66, 50, 63, 66, 50, 64, 50, 90
375, 76, 50, 52, 72, 50, 71, 50, 90
376, 66, 50, 67, 69, 50, 70, 50, 90
377, 75, 50, 56, 72, 50, 61, 50, 90
378, 77, 50, 52, 74, 50, 50, 50, 90
379, 72, 50, 59, 66, 50, 64, 50, 90
380, 73, 50, 54, 70, 50, 71, 50, 90
381, 74, 50, 51, 75, 50, 60, 50, 90
382, 63, 50, 63, 68, 50, 68, 50, 90
383, 70, 50, 53, 72, 50, 60, 50, 90
384, 64, 50, 63, 69, 50, 67, 50, 90
385, 76, 50, 54, 73, 50, 67, 50, 90
386, 66, 50, 62, 69, 50, 67, 50, 90
387, 75, 50, 54, 71, 50, 71, 50, 90
388, 64, 50, 62, 68, 50, 68, 50, 90
389, 76, 50, 53, 73, 50, 59, 50, 90
390, 77, 50, 53, 70, 50, 58, 50, 90
391, 64, 50, 59, 72, 50, 68, 50, 90
392, 75, 50, 50, 73, 50, 53, 51, 90
393, 67, 50, 60, 68, 50, 63, 50, 90
394, 76, 50, 53, 73, 50, 52, 50, 90
395, 66, 50, 63, 66, 50, 64, 50, 90
396, 76, 50, 52, 72, 50, 71, 50, 90
397, 66, 50, 67, 69, 50, 70, 50, 90
398, 75, 50, 56, 72, 50, 61, 50, 90
399, 77, 50, 52, 74, 50, 50, 50, 90
400, 72, 50, 59, 66, 50, 64, 50, 90
401, 73, 50, 54, 70, 50, 71, 50, 90
402, 74, 50, 51, 75, 50, 60, 50, 90
403, 63, 50, 63, 68, 50, 68, 50, 90
404, 70, 50, 53, 72, 50, 60, 50, 90
405, 64, 50, 63, 69, 50, 67, 50, 90
406, 76, 50, 54, 73, 50, 67, 50, 90
407, 66, 50, 62, 69, 50, 67, 50, 90
408, 75, 50, 54, 71, 50, 71, 50, 90
409, 64, 50, 62, 68, 50, 68, 50, 90
410, 76, 50, 53, 73, 50, 59, 50, 90
411, 77, 50, 53, 70, 50, 58, 50, 90
412, 64, 50, 59, 72, 50, 68, 50, 90
413, 75, 50, 50, 73, 50, 53, 51, 90
414, 67, 50, 60, 68, 50, 63, 50, 90
415, 76, 50, 53, 73, 50, 52, 50, 90
416, 66, 50, 63, 66, 50, 64, 50, 90
417, 76, 50, 52, 72, 50, 71, 50, 90
418, 66, 50, 67, 69, 50, 70, 50, 90
419, 75, 50, 56, 72, 50, 61, 50, 90
420, 77, 50, 52, 74, 50, 50, 50, 90
421, 72, 50, 59, 66, 50, 64, 50, 90
422, 73, 50, 54, 70, 50, 71, 50, 90
423, 74, 50, 51, 75, 50, 60, 50, 90
424, 63, 50, 63, 68, 50, 68, 50, 90
425, 70, 50, 53, 72, 50, 60, 50, 90
426, 64, 50, 63, 69, 50, 67, 50, 90
427, 76, 50, 54, 73, 50, 67, 50, 90
428, 66, 50, 62, 69, 50, 67, 50, 90
429, 75, 50, 54, 71, 50, 71, 50, 90
430, 64, 50, 62, 68, 50, 68, 50, 90
431, 76, 50, 53, 73, 50, 59, 50, 90
432, 77, 50, 53, 70, 50, 58, 50, 90
433, 64, 50, 59, 72, 50, 68, 50, 90
434, 75, 50, 50, 73, 50, 53, 51, 90
435, 67, 50, 60, 68, 50, 63, 50, 90
436, 76, 50, 53, 73, 50, 52, 50, 90
437, 66, 50, 63, 66, 50, 64, 50, 90
438, 76, 50, 52, 72, 50, 71, 50, 90
439, 66, 50, 67, 69, 50, 70, 50, 90
440, 75, 50, 56, 72, 50, 61, 50, 90
441, 77, 50, 52, 74, 50, 50, 50, 90
442, 72, 50, 59, 66, 50, 64, 50, 90
443, 73, 50, 54, 70, 50, 71, 50, 90
444, 74, 50, 51, 75, 50, 60, 50, 90
445, 63, 50, 63, 68, 50, 68, 50, 90
446, 70, 50, 53, 72, 50, 60, 50, 90
447, 64, 50, 63, 69, 50, 67, 50, 90
448, 76, 50, 54, 73, 50, 67, 50, 90
449, 66, 50, 62, 69, 50, 67, 50, 90
450, 75, 50, 54, 71, 50, 71, 50, 90
451, 64, 50, 62, 68, 50, 68, 50, 90
452, 76, 50, 53, 73, 50, 59, 50, 90
453, 77, 50, 53, 70, 50, 58, 50, 90
454, 64, 50, 59, 72, 50, 68, 50, 90
455, 75, 50, 50, 73, 50, 53, 51, 90
456, 67, 50, 60, 68, 50, 63, 50, 90
457, 76, 50, 53, 73, 50, 52, 50, 90
458, 66, 50, 63, 66, 50, 64, 50, 90
459, 76, 50, 52, 72, 50, 71, 50, 90
460, 66, 50, 67, 69, 50, 70, 50, 90
461, 75, 50, 56, 72, 50, 61, 50, 90
462, 77, 50, 52, 74, 50, 50, 50, 90
463, 72, 50, 59, 66, 50, 64, 50, 90
464, 73, 50, 54, 70, 50, 71, 50, 90
465, 74, 50, 51, 75, 50, 60, 50, 90
466, 63, 50, 63, 68, 50, 68, 50, 90
467, 70, 50, 53, 72, 50, 60, 50, 90
468, 64, 50, 63, 69, 50, 67, 50, 90
469, 76, 50, 54, 73, 50, 67, 50, 90
470, 66, 50, 62, 69, 50, 67, 50, 90
471, 75, 50, 54, 71, 50, 71, 50, 90
472, 64, 50, 62, 68, 50, 68, 50, 90
473, 76, 50, 53, 73, 50, 59, 50, 90
474, 77, 50, 53, 70, 50, 58, 50, 90
475, 64, 50, 59, 72, 50, 68, 50, 90
476, 75, 50, 50, 73, 50, 53, 51, 90
477, 67, 50, 60, 68, 50, 63, 50, 90
478, 76, 50, 53, 73, 50, 52, 50, 90
479, 66, 50, 63, 66, 50, 64, 50, 90
480, 76, 50, 52, 72, 50, 71, 50, 90
481, 66, 50, 67, 69, 50, 70, 50, 90
482, 75, 50, 56, 72, 50, 61, 50, 90
483, 77, 50, 52, 74, 50, 50, 50, 90
484, 72, 50, 59, 66, 50, 64, 50, 90
485, 73, 50, 54, 70, 50, 71, 50, 90
486, 74, 50, 51, 75, 50, 60, 50, 90
487, 63, 50, 63, 68, 50, 68, 50, 90
488, 70, 50, 53, 72, 50, 60, 50, 90
489, 64, 50, 63, 69, 50, 67, 50, 90
490, 76, 50, 54, 73, 50, 67, 50, 90
491, 66, 50, 62, 69, 50, 67, 50, 90
492, 75, 50, 54, 71, 50, 71, 50, 90
493, 64, 50, 62, 68, 50, 68, 50, 90
494, 76, 50, 53, 73, 50, 59, 50, 90
495, 77, 50, 53, 70, 50, 58, 50, 90
496, 64, 50, 59, 72, 50, 68, 50, 90
497, 75, 50, 50, 73, 50, 53, 51, 90
498, 67, 50, 60, 68, 50, 63, 50, 90
499, 76, 50, 53, 73, 50, 52, 50, 90
500, 66, 50, 63, 66, 50, 64, 50, 90
501, 76, 50, 52, 72, 50, 71, 50, 90
502, 66, 50, 67, 69, 50, 70, 50, 90
503, 75, 50, 56, 72, 50, 61, 50, 90
504, 77, 50, 52, 74, 50, 50, 50, 90
505, 72, 50, 59, 66, 50, 64, 50, 90
506, 73, 50, 54, 70, 50, 71, 50, 90
507, 74, 50, 51, 75, 50, 60, 50, 90
508, 63, 50, 63, 68, 50, 68, 50, 90
509, 70, 50, 53, 72, 50, 60, 50, 90
510, 64, 50, 63, 69, 50, 67, 50, 90
511, 76, 50, 54, 73, 50, 67, 50, 90
512, 66, 50, 62, 69, 50, 67, 50, 90
513, 75, 50, 54, 71, 50, 71, 50, 90
514, 64, 50, 62, 68, 50, 68, 50, 90
515, 76, 50, 53, 73, 50, 59, 50, 90
516, 77, 50, 53, 70, 50, 58, 50, 90
517, 64, 50, 59, 72, 50, 68, 50, 90
518, 75, 50, 50, 73, 50, 53, 51, 90
519, 67, 50, 60, 68, 50, 63, 50, 90
520, 76, 50, 53, 73, 50, 52, 50, 90
521, 66, 50, 63, 66, 50, 64, 50, 90
522, 76, 50, 52, 72, 50, 71, 50, 90
523, 66, 50, 67, 69, 50, 70, 50, 90
524, 75, 50, 56, 72, 50, 61, 50, 90
525, 77, 50, 52, 74, 50, 50, 50, 90
526, 72, 50, 59, 66, 50, 64, 50, 90
527, 73, 50, 54, 70, 50, 71, 50, 90
528, 74, 50, 51, 75, 50, 60, 50, 90
529, 63, 50, 63, 68, 50, 68, 50, 90
530, 70, 50, 53, 72, 50, 60, 50, 90
531, 64, 50, 63, 69, 50, 67, 50, 90
532, 76, 50, 54, 73, 50, 67, 50, 90
533, 66, 50, 62, 69, 50, 67, 50, 90
534, 75, 50, 54, 71, 50, 71, 50, 90
535, 64, 50, 62, 68, 50, 68, 50, 90
536, 76, 50, 53, 73, 50, 59, 50, 90
537, 77, 50, 53, 70, 50, 58, 50, 90
538, 64, 50, 59, 72, 50, 68, 50, 90
539, 75, 50, 50, 73, 50, 53, 51, 90
540, 67, 50, 60, 68, 50, 63, 50, 90
541, 76, 50, 53, 73, 50, 52, 50, 90
542, 66, 50, 63, 66, 50, 64, 50, 90
543, 76, 50, 52, 72, 50, 71, 50, 90
544, 66, 50, 67, 69, 50, 70, 50, 90
545, 75, 50, 56, 72, 50, 61, 50, 90
546, 77, 50, 52, 74, 50, 50, 50, 90
547, 72, 50, 59, 66, 50, 64, 50, 90
548, 73, 50, 54, 70, 50, 71, 50, 90
549, 74, 50, 51, 75, 50, 60, 50, 90
550, 63, 50, 63, 68, 50, 68, 50, 90
551, 70, 50, 53, 72, 50, 60, 50, 90
552, 64, 50, 63, 69, 50, 67, 50, 90
553, 76, 50, 54, 73, 50, 67, 50, 90
554, 66, 50, 62, 69, 50, 67, 50, 90
555, 75, 50, 54, 71, 50, 71, 50, 90
556, 64, 50, 62, 68, 50, 68, 50, 90
557, 76, 50, 53, 73, 50, 59, 50, 90
558, 77, 50, 53, 70, 50, 58, 50, 90
559, 64, 50, 59, 72, 50, 68, 50, 90
560, 75, 50, 50, 73, 50, 53, 51, 90
561, 67, 50, 60, 68, 50, 63, 50, 90
562, 76, 50, 53, 73, 50, 52, 50, 90
563, 66, 50, 63, 66, 50, 64, 50, 90
564, 76, 50, 52, 72, 50, 71, 50, 90
565, 66, 50, 67, 69, 50, 70, 50, 90
566, 75, 50, 56, 72, 50, 61, 50, 90
567, 77, 50, 52, 74, 50, 50, 50, 90
568, 72, 50, 59, 66, 50, 64, 50, 90
569, 73, 50, 54, 70, 50, 71, 50, 90
570, 74, 50, 51, 75, 50, 60, 50, 90
571, 63, 50, 63, 68, 50, 68, 50, 90
572, 70, 50, 53, 72, 50, 60, 50, 90
573, 64, 50, 63, 69, 50, 67, 50, 90
574, 76, 50, 54, 73, 50, 67, 50, 90
575, 66, 50, 62, 69, 50, 67, 50, 90
576, 75, 50, 54, 71, 50, 71, 50, 90
577, 64, 50, 62, 68, 50, 68, 50, 90
578, 76, 50, 53, 73, 50, 59, 50, 90
579, 77, 50, 53, 70, 50, 58, 50, 90
580, 64, 50, 59, 72, 50, 68, 50, 90
581, 75, 50, 50, 73, 50, 53, 51, 90
582, 67, 50, 60, 68, 50, 63, 50, 90
583, 76, 50, 53, 73, 50, 52, 50, 90
584, 66, 50, 63, 66, 50, 64, 50, 90
585, 76, 50, 52, 72, 50, 71, 50, 90
586, 66, 50, 67, 69, 50, 70, 50, 90
587, 75, 50, 56, 72, 50, 61, 50, 90
588, 77, 50, 52, 74, 50, 50, 50, 90
589, 72, 50, 59, 66, 50, 64, 50, 90
590, 73, 50, 54, 70, 50, 71, 50, 90
591, 74, 50, 51, 75, 50, 60, 50, 90
592, 63, 50, 63, 68, 50, 68, 50, 90
593, 70, 50, 53, 72, 50, 60, 50, 90
594, 64, 50, 63, 69, 50, 67, 50, 90
595, 76, 50, 54, 73, 50, 67, 50, 90
596, 66, 50, 62, 69, 50, 67, 50, 90
597, 75, 50, 54, 71, 50, 71, 50, 90
598, 64, 50, 62, 68, 50, 68, 50, 90
599, 76, 50, 53, 73, 50, 59, 50, 90
600, 77, 50, 53, 70, 50, 58, 50, 90
601, 64, 50, 59, 72, 50, 68, 50, 90
602, 75, 50, 50, 73, 50, 53, 51, 90
603, 67, 50, 60, 68, 50, 63, 50, 90
604, 76, 50, 53, 73, 50, 52, 50, 90
605, 66, 50, 63, 66, 50, 64, 50, 90
606, 76, 50, 52, 72, 50, 71, 50, 90
607, 66, 50, 67, 69, 50, 70, 50, 90
608, 75, 50, 56, 72, 50, 61, 50, 90
609, 77, 50, 52, 74, 50, 50, 50, 90
610, 72, 50, 59, 66, 50, 64, 50, 90
611, 73, 50, 54, 70, 50, 71, 50, 90
612, 74, 50, 51, 75, 50, 60, 50, 90
613, 63, 50, 63, 68, 50, 68, 50, 90
614, 70, 50, 53, 72, 50, 60, 50, 90
615, 64, 50, 63, 69, 50, 67, 50, 90
616, 76, 50, 54, 73, 50, 67, 50, 90
617, 66, 50, 62, 69, 50, 67, 50, 90
618, 75, 50, 54, 71, 50, 71, 50, 90
619, 64, 50, 62, 68, 50, 68, 50, 90
620, 76, 50, 53, 73, 50, 59, 50, 90
621, 77, 50, 53, 70, 50, 58, 50, 90
622, 64, 50, 59, 72, 50, 68, 50, 90
623, 75, 50, 50, 73, 50, 53, 51, 90
624, 67, 50, 60, 68, 50, 63, 50, 90
625, 76, 50, 53, 73, 50, 52, 50, 90
626, 66, 50, 63, 66, 50, 64, 50, 90
627, 76, 50, 52, 72, 50, 71, 50, 90
628, 66, 50, 67, 69, 50, 70, 50, 90
629, 75, 50, 56, 72, 50, 61, 50, 90
630, 77, 50, 52, 74, 50, 50, 50, 90
631, 72, 50, 59, 66, 50, 64, 50, 90
632, 73, 50, 54, 70, 50, 71, 50, 90
633, 74, 50, 51, 75, 50, 60, 50, 90
634, 63, 50, 63, 68, 50, 68, 50, 90
635, 70, 50, 53, 72, 50, 60, 50, 90
636, 64, 50, 63, 69, 50, 67, 50, 90
637, 76, 50, 54, 73, 50, 67, 50, 90
638, 66, 50, 62, 69, 50, 67, 50, 90
639, 75, 50, 54, 71, 50, 71, 50, 90
640, 64, 50, 62, 68, 50, 68, 50, 90
641, 76, 50, 53, 73, 50, 59, 50, 90
642, 77, 50, 53, 70, 50, 58, 50, 90
643, 64, 50, 59, 72, 50, 68, 50, 90
644, 75, 50, 50, 73, 50, 53, 51, 90
645, 67, 50, 60, 68, 50, 63, 50, 90
646, 76, 50, 53, 73, 50, 52, 50, 90
647, 66, 50, 63, 66, 50, 64, 50, 90
648, 76, 50, 52, 72, 50, 71, 50, 90
649, 66, 50, 67, 69, 50, 70, 50, 90
650, 75, 50, 56, 72, 50, 61, 50, 90
651, 77, 50, 52, 74, 50, 50, 50, 90
652, 72, 50, 59, 66, 50, 64, 50, 90
653, 73, 50, 54, 70, 50, 71, 50, 90
654, 74, 50, 51, 75, 50, 60, 50, 90
655, 63, 50, 63, 68, 50, 68, 50, 90
656, 70, 50, 53, 72, 50, 60, 50, 90
657, 64, 50, 63, 69, 50, 67, 50, 90
658, 76, 50, 54, 73, 50, 67, 50, 90
659, 66, 50, 62, 69, 50, 67, 50, 90
660, 75, 50, 54, 71, 50, 71, 50, 90
661, 64, 50, 62, 68, 50, 68, 50, 90
662, 76, 50, 53, 73, 50, 59, 50, 90
663, 77, 50, 53, 70, 50, 58, 50, 90
664, 64, 50, 59, 72, 50, 68, 50, 90
665, 75, 50, 50, 73, 50, 53, 51, 90
666, 67, 50, 60, 68, 50, 63, 50, 90
667, 76, 50, 53, 73, 50, 52, 50, 90
668, 66, 50, 63, 66, 50, 64, 50, 90
669, 76, 50, 52, 72, 50, 71, 50, 90
670, 66, 50, 67, 69, 50, 70, 50, 90
671, 75, 50, 56, 72, 50, 61, 50, 90
672, 77, 50, 52, 74, 50, 50, 50, 90
673, 72, 50, 59, 66, 50, 64, 50, 90
674, 73, 50, 54, 70, 50, 71, 50, 90
675, 74, 50, 51, 75, 50, 60, 50, 90
676, 63, 50, 63, 68, 50, 68, 50, 90
677, 70, 50, 53, 72, 50, 60, 50, 90
678, 64, 50, 63, 69, 50, 67, 50, 90
679, 76, 50, 54, 73, 50, 67, 50, 90
680, 66, 50, 62, 69, 50, 67, 50, 90
681, 75, 50, 54, 71, 50, 71, 50, 90
682, 64, 50, 62, 68, 50, 68, 50, 90
683, 76, 50, 53, 73, 50, 59, 50, 90
684, 77, 50, 53, 70, 50, 58, 50, 90
685, 64, 50, 59, 72, 50, 68, 50, 90
686, 75, 50, 50, 73, 50, 53, 51, 90
687, 67, 50, 60, 68, 50, 63, 50, 90
688, 76, 50, 53, 73, 50, 52, 50, 90
689, 66, 50, 63, 66, 50, 64, 50, 90
690, 76, 50, 52, 72, 50, 71, 50, 90
691, 66, 50, 67, 69, 50, 70, 50, 90
692, 75, 50, 56, 72, 50, 61, 50, 90
693, 77, 50, 52, 74, 50, 50, 50, 90
694, 72, 50, 59, 66, 50, 64, 50, 90
695, 73, 50, 54, 70, 50, 71, 50, 90
696, 74, 50, 51, 75, 50, 60, 50, 90
697, 63, 50, 63, 68, 50, 68, 50, 90
698, 70, 50, 53, 72, 50, 60, 50, 90
699, 64, 50, 63, 69, 50, 67, 50, 90
700, 76, 50, 54, 73, 50, 67, 50, 90
701, 66, 50, 62, 69, 50, 67, 50, 90
702, 75, 50, 54, 71, 50, 71, 50, 90
703, 64, 50, 62, 68, 50, 68, 50, 90
704, 76, 50, 53, 73, 50, 59, 50, 90
705, 77, 50, 53, 70, 50, 58, 50, 90
706, 64, 50, 59, 72, 50, 68, 50, 90
707, 75, 50, 50, 73, 50, 53, 51, 90
708, 67, 50, 60, 68, 50, 63, 50, 90
709, 76, 50, 53, 73, 50, 52, 50, 90
710, 66, 50, 63, 66, 50, 64, 50, 90
711, 76, 50, 52, 72, 50, 71, 50, 90
712, 66, 50, 67, 69, 50, 70, 50, 90
713, 75, 50, 56, 72, 50, 61, 50, 90
714, 77, 50, 52, 74, 50, 50, 50, 90
715, 72, 50, 59, 66, 50, 64, 50, 90
716, 73, 50, 54, 70, 50, 71, 50, 90
717, 74, 50, 51, 75, 50, 60, 50, 90
718, 63, 50, 63, 68, 50, 68, 50, 90
719, 70, 50, 53, 72, 50, 60, 50, 90
720, 64, 50, 63, 69, 50, 67, 50, 90
721, 76, 50, 54, 73, 50, 67, 50, 90
722, 66, 50, 62, 69, 50, 67, 50, 90
723, 75, 50, 54, 71, 50, 71, 50, 90
724, 64, 50, 62, 68, 50, 68, 50, 90
725, 76, 50, 53, 73, 50, 59, 50, 90
726, 77, 50, 53, 70, 50, 58, 50, 90
727, 64, 50, 59, 72, 50, 68, 50, 90
728, 75, 50, 50, 73, 50, 53, 51, 90
729, 67, 50, 60, 68, 50, 63, 50, 90
730, 76, 50, 53, 73, 50, 52, 50, 90
731, 66, 50, 63, 66, 50, 64, 50, 90
732, 76, 50, 52, 72, 50, 71, 50, 90
733, 66, 50, 67, 69, 50, 70, 50, 90
734, 75, 50, 56, 72, 50, 61, 50, 90
735, 77, 50, 52, 74, 50, 50, 50, 90
736, 72, 50, 59, 66, 50, 64, 50, 90
737, 73, 50, 54, 70, 50, 71, 50, 90
738, 74, 50, 51, 75, 50, 60, 50, 90
739, 63, 50, 63, 68, 50, 68, 50, 90
740, 70, 50, 53, 72, 50, 60, 50, 90
741, 64, 50, 63, 69, 50, 67, 50, 90
742, 76, 50, 54, 73, 50, 67, 50, 90
743, 66, 50, 62, 69, 50, 67, 50, 90
744, 75, 50, 54, 71, 50, 71, 50, 90
745, 64, 50, 62, 68, 50, 68, 50, 90
746, 76, 50, 53, 73, 50, 59, 50, 90
747, 77, 50, 53, 70, 50, 58, 50, 90
748, 64, 50, 59, 72, 50, 68, 50, 90
749, 75, 50, 50, 73, 50, 53, 51, 90
750, 67, 50, 60, 68, 50, 63, 50, 90
751, 76, 50, 53, 73, 50, 52, 50, 90
752, 66, 50, 63, 66, 50, 64, 50, 90
753, 76, 50, 52, 72, 50, 71, 50, 90
754, 66, 50, 67, 69, 50, 70, 50, 90
755, 75, 50, 56, 72, 50, 61, 50, 90
756, 77, 50, 52, 74, 50, 50, 50, 90
757, 72, 50, 59, 66, 50, 64, 50, 90
758, 73, 50, 54, 70, 50, 71, 50, 90
759, 74, 50, 51, 75, 50, 60, 50, 90
760, 63, 50, 63, 68, 50, 68, 50, 90
761, 70, 50, 53, 72, 50, 60, 50, 90
762, 64, 50, 63, 69, 50, 67, 50, 90
763, 76, 50, 54, 73, 50, 67, 50, 90
764, 66, 50, 62, 69, 50, 67, 50, 90
765, 75, 50, 54, 71, 50, 71, 50, 90
766, 64, 50, 62, 68, 50, 68, 50, 90
767, 76, 50, 53, 73, 50, 59, 50, 90
768, 77, 50, 53, 70, 50, 58, 50, 90
769, 64, 50, 59, 72, 50, 68, 50, 90
770, 75, 50, 50, 73, 50, 53, 51, 90
771, 67, 50, 60, 68, 50, 63, 50, 90
772, 76, 50, 53, 73, 50, 52, 50, 90
773, 66, 50, 63, 66, 50, 64, 50, 90
774, 76, 50, 52, 72, 50, 71, 50, 90
775, 66, 50, 67, 69, 50, 70, 50, 90
776, 75, 50, 56, 72, 50, 61, 50, 90
777, 77, 50, 52, 74, 50, 50, 50, 90
778, 72, 50, 59, 66, 50, 64, 50, 90
779, 73, 50, 54, 70, 50, 71, 50, 90
780, 74, 50, 51, 75, 50, 60, 50, 90
781, 63, 50, 63, 68, 50, 68, 50, 90
782, 70, 50, 53, 72, 50, 60, 50, 90
783, 64, 50, 63, 69, 50, 67, 50, 90
784, 76, 50, 54, 73, 50, 67, 50, 90
785, 66, 50, 62, 69, 50, 67, 50, 90
786, 75, 50, 54, 71, 50, 71, 50, 90
787, 64, 50, 62, 68, 50, 68, 50, 90
788, 76, 50, 53, 73, 50, 59, 50, 90
789, 77, 50, 53, 70, 50, 58, 50, 90
790, 64, 50, 59, 72, 50, 68, 50, 90
791, 75, 50, 50, 73, 50, 53, 51, 90
792, 67, 50, 60, 68, 50, 63, 50, 90
793, 76, 50, 53, 73, 50, 52, 50, 90
794, 66, 50, 63, 66, 50, 64, 50, 90
795, 76, 50, 52, 72, 50, 71, 50, 90
796, 66, 50, 67, 69, 50, 70, 50, 90
797, 75, 50, 56, 72, 50, 61, 50, 90
798, 77, 50, 52, 74, 50, 50, 50, 90
799, 72, 50, 59, 66, 50, 64, 50, 90
800, 73, 50, 54, 70, 50, 71, 50, 90
801, 74, 50, 51, 75, 50, 60, 50, 90
802, 63, 50, 63, 68, 50, 68, 50, 90
803, 70, 50, 53, 72, 50, 60, 50, 90
804, 64, 50, 63, 69, 50, 67, 50, 90
805, 76, 50, 54, 73, 50, 67, 50, 90
806, 66, 50, 62, 69, 50, 67, 50, 90
807, 75, 50, 54, 71, 50, 71, 50, 90
808, 64, 50, 62, 68, 50, 68, 50, 90
809, 76, 50, 53, 73, 50, 59, 50, 90
810, 77, 50, 53, 70, 50, 58, 50, 90
811, 64, 50, 59, 72, 50, 68, 50, 90
812, 75, 50, 50, 73, 50, 53, 51, 90
813, 67, 50, 60, 68, 50, 63, 50, 90
814, 76, 50, 53, 73, 50, 52, 50, 90
815, 66, 50, 63, 66, 50, 64, 50, 90
816, 76, 50, 52, 72, 50, 71, 50, 90
817, 66, 50, 67, 69, 50, 70, 50, 90
818, 75, 50, 56, 72, 50, 61, 50, 90
819, 77, 50, 52, 74, 50, 50, 50, 90
820, 72, 50, 59, 66, 50, 64, 50, 90
821, 73, 50, 54, 70, 50, 71, 50, 90
822, 74, 50, 51, 75, 50, 60, 50, 90
823, 63, 50, 63, 68, 50, 68, 50, 90
824, 70, 50, 53, 72, 50, 60, 50, 90
825, 64, 50, 63, 69, 50, 67, 50, 90
826, 76, 50, 54, 73, 50, 67, 50, 90
827, 66, 50, 62, 69, 50, 67, 50, 90
828, 75, 50, 54, 71, 50, 71, 50, 90
829, 64, 50, 62, 68, 50, 68, 50, 90
830, 76, 50, 53, 73, 50, 59, 50, 90
831, 77, 50, 53, 70, 50, 58, 50, 90
832, 64, 50, 59, 72, 50, 68, 50, 90
833, 75, 50, 50, 73, 50, 53, 51, 90
834, 67, 50, 60, 68, 50, 63, 50, 90
835, 76, 50, 53, 73, 50, 52, 50, 90
836, 66, 50, 63, 66, 50, 64, 50, 90
837, 76, 50, 52, 72, 50, 71, 50, 90
838, 66, 50, 67, 69, 50, 70, 50, 90
839, 75, 50, 56, 72, 50, 61, 50, 90
840, 77, 50, 52, 74, 50, 50, 50, 90
841, 72, 50, 59, 66, 50, 64, 50, 90
842, 73, 50, 54, 70, 50, 71, 50, 90
843, 74, 50, 51, 75, 50, 60, 50, 90
844, 63, 50, 63, 68, 50, 68, 50, 90
845, 70, 50, 53, 72, 50, 60, 50, 90
846, 64, 50, 63, 69, 50, 67, 50, 90
847, 76, 50, 54, 73, 50, 67, 50, 90
848, 66, 50, 62, 69, 50, 67, 50, 90
849, 75, 50, 54, 71, 50, 71, 50, 90
850, 64, 50, 62, 68, 50, 68, 50, 90
851, 76, 50, 53, 73, 50, 59, 50, 90
852, 77, 50, 53, 70, 50, 58, 50, 90
853, 64, 50, 59, 72, 50, 68, 50, 90
854, 75, 50, 50, 73, 50, 53, 51, 90
855, 67, 50, 60, 68, 50, 63, 50, 90
856, 76, 50, 53, 73, 50, 52, 50, 90
857, 66, 50, 63, 66, 50, 64, 50, 90
858, 76, 50, 52, 72, 50, 71, 50, 90
859, 66, 50, 67, 69, 50, 70, 50, 90
860, 75, 50, 56, 72, 50, 61, 50, 90
861, 77, 50, 52, 74, 50, 50, 50, 90
862, 72, 50, 59, 66, 50, 64, 50, 90
863, 73, 50, 54, 70, 50, 71, 50, 90
864, 74, 50, 51, 75, 50, 60, 50, 90
865, 63, 50, 63, 68, 50, 68, 50, 90
866, 70, 50, 53, 72, 50, 60, 50, 90
867, 64, 50, 63, 69, 50, 67, 50, 90
868, 76, 50, 54, 73, 50, 67, 50, 90
869, 66, 50, 62, 69, 50, 67, 50, 90
870, 75, 50, 54, 71, 50, 71, 50, 90
871, 64, 50, 62, 68, 50, 68, 50, 90
872, 76, 50, 53, 73, 50, 59, 50, 90
873, 77, 50, 53, 70, 50, 58, 50, 90
874, 64, 50, 59, 72, 50, 68, 50, 90
875, 75, 50, 50, 73, 50, 53, 51, 90
876, 67, 50, 60, 68, 50, 63, 50, 90
877, 76, 50, 53, 73, 50, 52, 50, 90
878, 66, 50, 63, 66, 50, 64, 50, 90
879, 76, 50, 52, 72, 50, 71, 50, 90
880, 66, 50, 67, 69, 50, 70, 50, 90
881, 75, 50, 56, 72, 50, 61, 50, 90
882, 77, 50, 52, 74, 50, 50, 50, 90
883, 72, 50, 59, 66, 50, 64, 50, 90
884, 73, 50, 54, 70, 50, 71, 50, 90
885, 74, 50, 51, 75, 50, 60, 50, 90
886, 63, 50, 63, 68, 50, 68, 50, 90
887, 70, 50, 53, 72, 50, 60, 50, 90
888, 64, 50, 63, 69, 50, 67, 50, 90
889, 76, 50, 54, 73, 50, 67, 50, 90
890, 66, 50, 62, 69, 50, 67, 50, 90
891, 75, 50, 54, 71, 50, 71, 50, 90
892, 64, 50, 62, 68, 50, 68, 50, 90
893, 76, 50, 53, 73, 50, 59, 50, 90
894, 77, 50, 53, 70, 50, 58, 50, 90
895, 64, 50, 59, 72, 50, 68, 50, 90
896, 75, 50, 50, 73, 50, 53, 51, 90
897, 67, 50, 60, 68, 50, 63, 50, 90
898, 76, 50, 53, 73, 50, 52, 50, 90
899, 66, 50, 63, 66, 50, 64, 50, 90
900, 76, 50, 52, 72, 50, 71, 50, 90
901, 66, 50, 67, 69, 50, 70, 50, 90
902, 75, 50, 56, 72, 50, 61, 50, 90
903, 77, 50, 52, 74, 50, 50, 50, 90
904, 72, 50, 59, 66, 50, 64, 50, 90
905, 73, 50, 54, 70, 50, 71, 50, 90
906, 74, 50, 51, 75, 50, 60, 50, 90
907, 63, 50, 63, 68, 50, 68, 50, 90
908, 70, 50, 53, 72, 50, 60, 50, 90
909, 64, 50, 63, 69, 50, 67, 50, 90
910, 76, 50, 54, 73, 50, 67, 50, 90
911, 66, 50, 62, 69, 50, 67, 50, 90
912, 75, 50, 54, 71, 50, 71, 50, 90
913, 64, 50, 62, 68, 50, 68, 50, 90
914, 76, 50, 53, 73, 50, 59, 50, 90
915, 77, 50, 53, 70, 50, 58, 50, 90
916, 64, 50, 59, 72, 50, 68, 50, 90
917, 75, 50, 50, 73, 50, 53, 51, 90
918, 67, 50, 60, 68, 50, 63, 50, 90
919, 76, 50, 53, 73, 50, 52, 50, 90
920, 66, 50, 63, 66, 50, 64, 50, 90
921, 76, 50, 52, 72, 50, 71, 50, 90
922, 66, 50, 67, 69, 50, 70, 50, 90
923, 75, 50, 56, 72, 50, 61, 50, 90
924, 77, 50, 52, 74, 50, 50, 50, 90
925, 72, 50, 59, 66, 50, 64, 50, 90
926, 73, 50, 54, 70, 50, 71, 50, 90
927, 74, 50, 51, 75, 50, 60, 50, 90
928, 63, 50, 63, 68, 50, 68, 50, 90
929, 70, 50, 53, 72, 50, 60, 50, 90
930, 64, 50, 63, 69, 50, 67, 50, 90
931, 76, 50, 54, 73, 50, 67, 50, 90
932, 66, 50, 62, 69, 50, 67, 50, 90
933, 75, 50, 54, 71, 50, 71, 50, 90
934, 64, 50, 62, 68, 50, 68, 50, 90
935, 76, 50, 53, 73, 50, 59, 50, 90
936, 77, 50, 53, 70, 50, 58, 50, 90
937, 64, 50, 59, 72, 50, 68, 50, 90
938, 75, 50, 50, 73, 50, 53, 51, 90
939, 67, 50, 60, 68, 50, 63, 50, 90
940, 76, 50, 53, 73, 50, 52, 50, 90
941, 66, 50, 63, 66, 50, 64, 50, 90
942, 76, 50, 52, 72, 50, 71, 50, 90
943, 66, 50, 67, 69, 50, 70, 50, 90
944, 75, 50, 56, 72, 50, 61, 50, 90
945, 77, 50, 52, 74, 50, 50, 50, 90
946, 72, 50, 59, 66, 50, 64, 50, 90
947, 73, 50, 54, 70, 50, 71, 50, 90
948, 74, 50, 51, 75, 50, 60, 50, 90
949, 63, 50, 63, 68, 50, 68, 50, 90
950, 70, 50, 53, 72, 50, 60, 50, 90
951, 64, 50, 63, 69, 50, 67, 50, 90
952, 76, 50, 54, 73, 50, 67, 50, 90
953, 66, 50, 62, 69, 50, 67, 50, 90
954, 75, 50, 54, 71, 50, 71, 50, 90
955, 64, 50, 62, 68, 50, 68, 50, 90
956, 76, 50, 53, 73, 50, 59, 50, 90
957, 77, 50, 53, 70, 50, 58, 50, 90
958, 64, 50, 59, 72, 50, 68, 50, 90
959, 75, 50, 50, 73, 50, 53, 51, 90
960, 67, 50, 60, 68, 50, 63, 50, 90
961, 76, 50, 53, 73, 50, 52, 50, 90
962, 66, 50, 63, 66, 50, 64, 50, 90
963, 76, 50, 52, 72, 50, 71, 50, 90
964, 66, 50, 67, 69, 50, 70, 50, 90
965, 75, 50, 56, 72, 50, 61, 50, 90
966, 77, 50, 52, 74, 50, 50, 50, 90
967, 72, 50, 59, 66, 50, 64, 50, 90
968, 73, 50, 54, 70, 50, 71, 50, 90
969, 74, 50, 51, 75, 50, 60, 50, 90
970, 63, 50, 63, 68, 50, 68, 50, 90
971, 70, 50, 53, 72, 50, 60, 50, 90
972, 64, 50, 63, 69, 50, 67, 50, 90
973, 76, 50, 54, 73, 50, 67, 50, 90
974, 66, 50, 62, 69, 50, 67, 50, 90
975, 75, 50, 54, 71, 50, 71, 50, 90
976, 64, 50, 62, 68, 50, 68, 50, 90
977, 76, 50, 53, 73, 50, 59, 50, 90
978, 77, 50, 53, 70, 50, 58, 50, 90
979, 64, 50, 59, 72, 50, 68, 50, 90
980, 75, 50, 50, 73, 50, 53, 51, 90
981, 67, 50, 60, 68, 50, 63, 50, 90
982, 76, 50, 53, 73, 50, 52, 50, 90
983, 66, 50, 63, 66, 50, 64, 50, 90
984, 76, 50, 52, 72, 50, 71, 50, 90
985, 66, 50, 67, 69, 50, 70, 50, 90
986, 75, 50, 56, 72, 50, 61, 50, 90
987, 77, 50, 52, 74, 50, 50, 50, 90
988, 72, 50, 59, 66, 50, 64, 50, 90
989, 73, 50, 54, 70, 50, 71, 50, 90
990, 74, 50, 51, 75, 50, 60, 50, 90
991, 63, 50, 63, 68, 50, 68, 50, 90
992, 70, 50, 53, 72, 50, 60, 50, 90
993, 64, 50, 63, 69, 50, 67, 50, 90
994, 76, 50, 54, 73, 50, 67, 50, 90
995, 66, 50, 62, 69, 50, 67, 50, 90
996, 75, 50, 54, 71, 50, 71, 50, 90
997, 64, 50, 62, 68, 50, 68, 50, 90
998, 76, 50, 53, 73, 50, 59, 50, 90
999, 77, 50, 53, 70, 50, 58, 50, 90
