0, 625, 625, 339, 134, 134, 134, 0, 0
1, 297, 297, 188, 101, 83, 99, 0, 0
2, 297, 297, 188, 64, 64, 73, 0, 0
3, 297, 297, 188, 66, 64, 69, 0, 0
4, 297, 297, 188, 69, 64, 68, 0, 0
5, 297, 297, 188, 64, 64, 66, 0, 0
6, 297, 297, 188, 64, 64, 66, 0, 0
7, 297, 297, 188, 64, 64, 66, 0, 0
8, 297, 297, 188, 64, 64, 66, 0, 0
9, 297, 297, 188, 64, 64, 66, 0, 0
10, 297, 297, 188, 64, 64, 66, 0, 0
11, 297, 297, 188, 64, 64, 66, 0, 0
12, 297, 297, 188, 64, 64, 66, 0, 0
13, 297, 297, 188, 64, 64, 66, 0, 0
14, 297, 297, 188, 64, 64, 66, 0, 0
15, 297, 297, 188, 64, 64, 66, 0, 0
16, 297, 297, 188, 64, 64, 66, 0, 0
17, 297, 297, 188, 64, 64, 66, 0, 0
18, 297, 297, 188, 64, 64, 66, 0, 0
19, 297, 297, 188, 64, 64, 66, 0, 0
20, 297, 297, 188, 64, 64, 66, 0, 0
21, 297, 297, 188, 64, 64, 66, 0, 0
22, 297, 297, 188, 64, 64, 66, 0, 0
23, 297, 297, 188, 64, 64, 66, 0, 0
24, 297, 297, 188, 64, 64, 66, 0, 0
25, 297, 297, 188, 64, 64, 66, 0, 0
26, 297, 297, 188, 64, 64, 66, 0, 0
27, 297, 297, 188, 64, 64, 66, 0, 0
28, 297, 297, 188, 64, 64, 66, 0, 0
29, 297, 297, 188, 64, 64, 66, 0, 0
30, 297, 297, 188, 64, 64, 66, 0, 0
31, 297, 297, 188, 64, 64, 66, 0, 0
32, 297, 297, 188, 64, 64, 66, 0, 0
33, 297, 297, 188, 64, 64, 66, 0, 0
34, 297, 297, 188, 64, 64, 66, 0, 0
35, 297, 297, 188, 64, 64, 66, 0, 0
36, 297, 297, 188, 64, 64, 66, 0, 0
37, 297, 297, 188, 64, 64, 66, 0, 0
38, 297, 297, 188, 64, 64, 66, 0, 0
39, 297, 297, 188, 64, 64, 66, 0, 0
40, 297, 297, 188, 64, 64, 66, 0, 0
41, 297, 297, 188, 64, 64, 66, 0, 0
42, 297, 297, 188, 64, 64, 66, 0, 0
43, 297, 297, 188, 64, 64, 66, 0, 0
44, 297, 297, 188, 64, 64, 66, 0, 0
45, 297, 297, 188, 64, 64, 66, 0, 0
46, 297, 297, 188, 64, 64, 66, 0, 0
47, 297, 297, 188, 64, 64, 66, 0, 0
48, 297, 297, 188, 64, 64, 66, 0, 0
49, 297, 297, 188, 64, 64, 66, 0, 0
50, 297, 297, 188, 64, 64, 66, 0, 0
51, 297, 297, 188, 64, 64, 66, 0, 0
52, 297, 297, 188, 64, 64, 66, 0, 0
53, 297, 297, 188, 64, 64, 66, 0, 0
54, 297, 297, 188, 64, 64, 66, 0, 0
55, 297, 297, 188, 64, 64, 66, 0, 0
56, 297, 297, 188, 64, 64, 66, 0, 0
57, 297, 297, 188, 64, 64, 66, 0, 0
58, 297, 297, 188, 64, 64, 66, 0, 0
59, 297, 297, 188, 64, 64, 66, 0, 0
60, 297, 297, 188, 64, 64, 66, 0, 0
61, 297, 297, 188, 64, 64, 66, 0, 0
62, 297, 297, 188, 64, 64, 66, 0, 0
63, 297, 297, 188, 64, 64, 66, 0, 0
64, 297, 297, 188, 64, 64, 66, 0, 0
65, 297, 297, 188, 64, 64, 66, 0, 0
66, 297, 297, 188, 64, 64, 66, 0, 0
67, 297, 297, 188, 64, 64, 66, 0, 0
68, 297, 297, 188, 64, 64, 66, 0, 0
69, 297, 297, 188, 64, 64, 66, 0, 0
70, 297, 297, 188, 64, 64, 66, 0, 0
71, 297, 297, 188, 64, 64, 66, 0, 0
72, 297, 297, 188, 64, 64, 66, 0, 0
73, 297, 297, 188, 64, 64, 66, 0, 0
74, 297, 297, 188, 64, 64, 66, 0, 0
75, 297, 297, 188, 64, 64, 66, 0, 0
76, 297, 297, 188, 64, 64, 66, 0, 0
77, 297, 297, 188, 64, 64, 66, 0, 0
78, 297, 297, 188, 64, 64, 66, 0, 0
79, 297, 297, 188, 64, 64, 66, 0, 0
80, 297, 297, 188, 64, 64, 66, 0, 0
81, 297, 297, 188, 64, 64, 66, 0, 0
82, 297, 297, 188, 64, 64, 66, 0, 0
83, 297, 297, 188, 64, 64, 66, 0, 0
84, 297, 297, 188, 64, 64, 66, 0, 0
85, 297, 297, 188, 64, 64, 66, 0, 0
86, 297, 297, 188, 64, 64, 66, 0, 0
87, 297, 297, 188, 64, 64, 66, 0, 0
88, 297, 297, 188, 64, 64, 66, 0, 0
89, 297, 297, 188, 64, 64, 66, 0, 0
90, 297, 297, 188, 64, 64, 66, 0, 0
91, 297, 297, 188, 64, 64, 66, 0, 0
92, 297, 297, 188, 64, 64, 66, 0, 0
93, 297, 297, 188, 64, 64, 66, 0, 0
94, 297, 297, 188, 64, 64, 66, 0, 0
95, 297, 297, 188, 64, 64, 66, 0, 0
96, 297, 297, 188, 64, 64, 66, 0, 0
97, 297, 297, 188, 64, 64, 66, 0, 0
98, 297, 297, 188, 64, 64, 66, 0, 0
99, 297, 297, 188, 64, 64, 66, 0, 0
100, 297, 297, 188, 64, 64, 66, 0, 0
101, 297, 297, 188, 64, 64, 66, 0, 0
102, 297, 297, 188, 64, 64, 66, 0, 0
103, 297, 297, 188, 64, 64, 66, 0, 0
104, 297, 297, 188, 64, 64, 66, 0, 0
105, 297, 297, 188, 64, 64, 66, 0, 0
106, 297, 297, 188, 64, 64, 66, 0, 0
107, 297, 297, 188, 64, 64, 66, 0, 0
108, 297, 297, 188, 64, 64, 66, 0, 0
109, 297, 297, 188, 64, 64, 66, 0, 0
110, 297, 297, 188, 64, 64, 66, 0, 0
111, 297, 297, 188, 64, 64, 66, 0, 0
112, 297, 297, 188, 64, 64, 66, 0, 0
113, 297, 297, 188, 64, 64, 66, 0, 0
114, 297, 297, 188, 64, 64, 66, 0, 0
115, 297, 297, 188, 64, 64, 66, 0, 0
116, 297, 297, 188, 64, 64, 66, 0, 0
117, 297, 297, 188, 64, 64, 66, 0, 0
118, 297, 297, 188, 64, 64, 66, 0, 0
119, 297, 297, 188, 64, 64, 66, 0, 0
120, 297, 297, 188, 64, 64, 66, 0, 0
121, 297, 297, 188, 64, 64, 66, 0, 0
122, 297, 297, 188, 64, 64, 66, 0, 0
123, 297, 297, 188, 64, 64, 66, 0, 0
124, 297, 297, 188, 64, 64, 66, 0, 0
125, 297, 297, 188, 64, 64, 66, 0, 0
126, 297, 297, 188, 64, 64, 66, 0, 0
127, 297, 297, 188, 64, 64, 66, 0, 0
128, 297, 297, 188, 64, 64, 66, 0, 0
129, 297, 297, 188, 64, 64, 66, 0, 0
130, 297, 297, 188, 64, 64, 66, 0, 0
131, 297, 297, 188, 64, 64, 66, 0, 0
132, 297, 297, 188, 64, 64, 66, 0, 0
133, 297, 297, 188, 64, 64, 66, 0, 0
134, 297, 297, 188, 64, 64, 66, 0, 0
135, 297, 297, 188, 64, 64, 66, 0, 0
136, 297, 297, 188, 64, 64, 66, 0, 0
137, 297, 297, 188, 64, 64, 66, 0, 0
138, 297, 297, 188, 64, 64, 66, 0, 0
139, 297, 297, 188, 64, 64, 66, 0, 0
140, 297, 297, 188, 64, 64, 66, 0, 0
141, 297, 297, 188, 64, 64, 66, 0, 0
142, 297, 297, 188, 64, 64, 66, 0, 0
143, 297, 297, 188, 64, 64, 66, 0, 0
144, 297, 297, 188, 64, 64, 66, 0, 0
145, 297, 297, 188, 64, 64, 66, 0, 0
146, 297, 297, 188, 64, 64, 66, 0, 0
147, 297, 297, 188, 64, 64, 66, 0, 0
148, 297, 297, 188, 64, 64, 66, 0, 0
149, 297, 297, 188, 64, 64, 66, 0, 0
150, 297, 297, 188, 64, 64, 66, 0, 0
151, 297, 297, 188, 64, 64, 66, 0, 0
152, 297, 297, 188, 64, 64, 66, 0, 0
153, 297, 297, 188, 64, 64, 66, 0, 0
154, 297, 297, 188, 64, 64, 66, 0, 0
155, 297, 297, 188, 64, 64, 66, 0, 0
156, 297, 297, 188, 64, 64, 66, 0, 0
157, 297, 297, 188, 64, 64, 66, 0, 0
158, 297, 297, 188, 64, 64, 66, 0, 0
159, 297, 297, 188, 64, 64, 66, 0, 0
160, 297, 297, 188, 64, 64, 66, 0, 0
161, 297, 297, 188, 64, 64, 66, 0, 0
162, 297, 297, 188, 64, 64, 66, 0, 0
163, 297, 297, 188, 64, 64, 66, 0, 0
164, 297, 297, 188, 64, 64, 66, 0, 0
165, 297, 297, 188, 64, 64, 66, 0, 0
166, 297, 297, 188, 64, 64, 66, 0, 0
167, 297, 297, 188, 64, 64, 66, 0, 0
168, 297, 297, 188, 64, 64, 66, 0, 0
169, 297, 297, 188, 64, 64, 66, 0, 0
170, 297, 297, 188, 64, 64, 66, 0, 0
171, 297, 297, 188, 64, 64, 66, 0, 0
172, 297, 297, 188, 64, 64, 66, 0, 0
173, 297, 297, 188, 64, 64, 66, 0, 0
174, 297, 297, 188, 64, 64, 66, 0, 0
175, 297, 297, 188, 64, 64, 66, 0, 0
176, 297, 297, 188, 64, 64, 66, 0, 0
177, 297, 297, 188, 64, 64, 66, 0, 0
178, 297, 297, 188, 64, 64, 66, 0, 0
179, 297, 297, 188, 64, 64, 66, 0, 0
180, 297, 297, 188, 64, 64, 66, 0, 0
181, 297, 297, 188, 64, 64, 66, 0, 0
182, 297, 297, 188, 64, 64, 66, 0, 0
183, 297, 297, 188, 64, 64, 66, 0, 0
184, 297, 297, 188, 64, 64, 66, 0, 0
185, 297, 297, 188, 64, 64, 66, 0, 0
186, 297, 297, 188, 64, 64, 66, 0, 0
187, 297, 297, 188, 64, 64, 66, 0, 0
188, 297, 297, 188, 64, 64, 66, 0, 0
189, 297, 297, 188, 64, 64, 66, 0, 0
190, 297, 297, 188, 64, 64, 66, 0, 0
191, 297, 297, 188, 64, 64, 66, 0, 0
192, 297, 297, 188, 64, 64, 66, 0, 0
193, 297, 297, 188, 64, 64, 66, 0, 0
194, 297, 297, 188, 64, 64, 66, 0, 0
195, 297, 297, 188, 64, 64, 66, 0, 0
196, 297, 297, 188, 64, 64, 66, 0, 0
197, 297, 297, 188, 64, 64, 66, 0, 0
198, 297, 297, 188, 64, 64, 66, 0, 0
199, 297, 297, 188, 64, 64, 66, 0, 0
200, 297, 297, 188, 64, 64, 66, 0, 0
201, 297, 297, 188, 64, 64, 66, 0, 0
202, 297, 297, 188, 64, 64, 66, 0, 0
203, 297, 297, 188, 64, 64, 66, 0, 0
204, 297, 297, 188, 64, 64, 66, 0, 0
205, 297, 297, 188, 64, 64, 66, 0, 0
206, 297, 297, 188, 64, 64, 66, 0, 0
207, 297, 297, 188, 64, 64, 66, 0, 0
208, 297, 297, 188, 64, 64, 66, 0, 0
209, 297, 297, 188, 64, 64, 66, 0, 0
210, 297, 297, 188, 64, 64, 66, 0, 0
211, 297, 297, 188, 64, 64, 66, 0, 0
212, 297, 297, 188, 64, 64, 66, 0, 0
213, 297, 297, 188, 64, 64, 66, 0, 0
214, 297, 297, 188, 64, 64, 66, 0, 0
215, 297, 297, 188, 64, 64, 66, 0, 0
216, 297, 297, 188, 64, 64, 66, 0, 0
217, 297, 297, 188, 64, 64, 66, 0, 0
218, 297, 297, 188, 64, 64, 66, 0, 0
219, 297, 297, 188, 64, 64, 66, 0, 0
220, 297, 297, 188, 64, 64, 66, 0, 0
221, 297, 297, 188, 64, 64, 66, 0, 0
222, 297, 297, 188, 64, 64, 66, 0, 0
223, 297, 297, 188, 64, 64, 66, 0, 0
224, 297, 297, 188, 64, 64, 66, 0, 0
225, 297, 297, 188, 64, 64, 66, 0, 0
226, 297, 297, 188, 64, 64, 66, 0, 0
227, 297, 297, 188, 64, 64, 66, 0, 0
228, 297, 297, 188, 64, 64, 66, 0, 0
229, 297, 297, 188, 64, 64, 66, 0, 0
230, 297, 297, 188, 64, 64, 66, 0, 0
231, 297, 297, 188, 64, 64, 66, 0, 0
232, 297, 297, 188, 64, 64, 66, 0, 0
233, 297, 297, 188, 64, 64, 66, 0, 0
234, 297, 297, 188, 64, 64, 66, 0, 0
235, 297, 297, 188, 64, 64, 66, 0, 0
236, 297, 297, 188, 64, 64, 66, 0, 0
237, 297, 297, 188, 64, 64, 66, 0, 0
238, 297, 297, 188, 64, 64, 66, 0, 0
239, 297, 297, 188, 64, 64, 66, 0, 0
240, 297, 297, 188, 64, 64, 66, 0, 0
241, 297, 297, 188, 64, 64, 66, 0, 0
242, 297, 297, 188, 64, 64, 66, 0, 0
243, 297, 297, 188, 64, 64, 66, 0, 0
244, 297, 297, 188, 64, 64, 66, 0, 0
245, 297, 297, 188, 64, 64, 66, 0, 0
246, 297, 297, 188, 64, 64, 66, 0, 0
247, 297, 297, 188, 64, 64, 66, 0, 0
248, 297, 297, 188, 64, 64, 66, 0, 0
249, 297, 297, 188, 64, 64, 66, 0, 0
250, 297, 297, 188, 64, 64, 66, 0, 0
251, 297, 297, 188, 64, 64, 66, 0, 0
252, 297, 297, 188, 64, 64, 66, 0, 0
253, 297, 297, 188, 64, 64, 66, 0, 0
254, 297, 297, 188, 64, 64, 66, 0, 0
255, 297, 297, 188, 64, 64, 66, 0, 0
256, 297, 297, 188, 64, 64, 66, 0, 0
257, 297, 297, 188, 64, 64, 66, 0, 0
258, 297, 297, 188, 64, 64, 66, 0, 0
259, 297, 297, 188, 64, 64, 66, 0, 0
260, 297, 297, 188, 64, 64, 66, 0, 0
261, 297, 297, 188, 64, 64, 66, 0, 0
262, 297, 297, 188, 64, 64, 66, 0, 0
263, 297, 297, 188, 64, 64, 66, 0, 0
264, 297, 297, 188, 64, 64, 66, 0, 0
265, 297, 297, 188, 64, 64, 66, 0, 0
266, 297, 297, 188, 64, 64, 66, 0, 0
267, 297, 297, 188, 64, 64, 66, 0, 0
268, 297, 297, 188, 64, 64, 66, 0, 0
269, 297, 297, 188, 64, 64, 66, 0, 0
270, 297, 297, 188, 64, 64, 66, 0, 0
271, 297, 297, 188, 64, 64, 66, 0, 0
272, 297, 297, 188, 64, 64, 66, 0, 0
273, 297, 297, 188, 64, 64, 66, 0, 0
274, 297, 297, 188, 64, 64, 66, 0, 0
275, 297, 297, 188, 64, 64, 66, 0, 0
276, 297, 297, 188, 64, 64, 66, 0, 0
277, 297, 297, 188, 64, 64, 66, 0, 0
278, 297, 297, 188, 64, 64, 66, 0, 0
279, 297, 297, 188, 64, 64, 66, 0, 0
280, 297, 297, 188, 64, 64, 66, 0, 0
281, 297, 297, 188, 64, 64, 66, 0, 0
282, 297, 297, 188, 64, 64, 66, 0, 0
283, 297, 297, 188, 64, 64, 66, 0, 0
284, 297, 297, 188, 64, 64, 66, 0, 0
285, 297, 297, 188, 64, 64, 66, 0, 0
286, 297, 297, 188, 64, 64, 66, 0, 0
287, 297, 297, 188, 64, 64, 66, 0, 0
288, 297, 297, 188, 64, 64, 66, 0, 0
289, 297, 297, 188, 64, 64, 66, 0, 0
290, 297, 297, 188, 64, 64, 66, 0, 0
291, 297, 297, 188, 64, 64, 66, 0, 0
292, 297, 297, 188, 64, 64, 66, 0, 0
293, 297, 297, 188, 64, 64, 66, 0, 0
294, 297, 297, 188, 64, 64, 66, 0, 0
295, 297, 297, 188, 64, 64, 66, 0, 0
296, 297, 297, 188, 64, 64, 66, 0, 0
297, 297, 297, 188, 64, 64, 66, 0, 0
298, 297, 297, 188, 64, 64, 66, 0, 0
299, 297, 297, 188, 64, 64, 66, 0, 0
300, 297, 297, 188, 64, 64, 66, 0, 0
301, 297, 297, 188, 64, 64, 66, 0, 0
302, 297, 297, 188, 64, 64, 66, 0, 0
303, 297, 297, 188, 64, 64, 66, 0, 0
304, 297, 297, 188, 64, 64, 66, 0, 0
305, 297, 297, 188, 64, 64, 66, 0, 0
306, 297, 297, 188, 64, 64, 66, 0, 0
307, 297, 297, 188, 64, 64, 66, 0, 0
308, 297, 297, 188, 64, 64, 66, 0, 0
309, 297, 297, 188, 64, 64, 66, 0, 0
310, 297, 297, 188, 64, 64, 66, 0, 0
311, 297, 297, 188, 64, 64, 66, 0, 0
312, 297, 297, 188, 64, 64, 66, 0, 0
313, 297, 297, 188, 64, 64, 66, 0, 0
314, 297, 297, 188, 64, 64, 66, 0, 0
315, 297, 297, 188, 64, 64, 66, 0, 0
316, 297, 297, 188, 64, 64, 66, 0, 0
317, 297, 297, 188, 64, 64, 66, 0, 0
318, 297, 297, 188, 64, 64, 66, 0, 0
319, 297, 297, 188, 64, 64, 66, 0, 0
320, 297, 297, 188, 64, 64, 66, 0, 0
321, 297, 297, 188, 64, 64, 66, 0, 0
322, 297, 297, 188, 64, 64, 66, 0, 0
323, 297, 297, 188, 64, 64, 66, 0, 0
324, 297, 297, 188, 64, 64, 66, 0, 0
325, 297, 297, 188, 64, 64, 66, 0, 0
326, 297, 297, 188, 64, 64, 66, 0, 0
327, 297, 297, 188, 64, 64, 66, 0, 0
328, 297, 297, 188, 64, 64, 66, 0, 0
329, 297, 297, 188, 64, 64, 66, 0, 0
330, 297, 297, 188, 64, 64, 66, 0, 0
331, 297, 297, 188, 64, 64, 66, 0, 0
332, 297, 297, 188, 64, 64, 66, 0, 0
333, 297, 297, 188, 64, 64, 66, 0, 0
334, 297, 297, 188, 64, 64, 66, 0, 0
335, 297, 297, 188, 64, 64, 66, 0, 0
336, 297, 297, 188, 64, 64, 66, 0, 0
337, 297, 297, 188, 64, 64, 66, 0, 0
338, 297, 297, 188, 64, 64, 66, 0, 0
339, 297, 297, 188, 64, 64, 66, 0, 0
340, 297, 297, 188, 64, 64, 66, 0, 0
341, 297, 297, 188, 64, 64, 66, 0, 0
342, 297, 297, 188, 64, 64, 66, 0, 0
343, 297, 297, 188, 64, 64, 66, 0, 0
344, 297, 297, 188, 64, 64, 66, 0, 0
345, 297, 297, 188, 64, 64, 66, 0, 0
346, 297, 297, 188, 64, 64, 66, 0, 0
347, 297, 297, 188, 64, 64, 66, 0, 0
348, 297, 297, 188, 64, 64, 66, 0, 0
349, 297, 297, 188, 64, 64, 66, 0, 0
350, 297, 297, 188, 64, 64, 66, 0, 0
351, 297, 297, 188, 64, 64, 66, 0, 0
352, 297, 297, 188, 64, 64, 66, 0, 0
353, 297, 297, 188, 64, 64, 66, 0, 0
354, 297, 297, 188, 64, 64, 66, 0, 0
355, 297, 297, 188, 64, 64, 66, 0, 0
356, 297, 297, 188, 64, 64, 66, 0, 0
357, 297, 297, 188, 64, 64, 66, 0, 0
358, 297, 297, 188, 64, 64, 66, 0, 0
359, 297, 297, 188, 64, 64, 66, 0, 0
360, 297, 297, 188, 64, 64, 66, 0, 0
361, 297, 297, 188, 64, 64, 66, 0, 0
362, 297, 297, 188, 64, 64, 66, 0, 0
363, 297, 297, 188, 64, 64, 66, 0, 0
364, 297, 297, 188, 64, 64, 66, 0, 0
365, 297, 297, 188, 64, 64, 66, 0, 0
366, 297, 297, 188, 64, 64, 66, 0, 0
367, 297, 297, 188, 64, 64, 66, 0, 0
368, 297, 297, 188, 64, 64, 66, 0, 0
369, 297, 297, 188, 64, 64, 66, 0, 0
370, 297, 297, 188, 64, 64, 66, 0, 0
371, 297, 297, 188, 64, 64, 66, 0, 0
372, 297, 297, 188, 64, 64, 66, 0, 0
373, 297, 297, 188, 64, 64, 66, 0, 0
374, 297, 297, 188, 64, 64, 66, 0, 0
375, 297, 297, 188, 64, 64, 66, 0, 0
376, 297, 297, 188, 64, 64, 66, 0, 0
377, 297, 297, 188, 64, 64, 66, 0, 0
378, 297, 297, 188, 64, 64, 66, 0, 0
379, 297, 297, 188, 64, 64, 66, 0, 0
380, 297, 297, 188, 64, 64, 66, 0, 0
381, 297, 297, 188, 64, 64, 66, 0, 0
382, 297, 297, 188, 64, 64, 66, 0, 0
383, 297, 297, 188, 64, 64, 66, 0, 0
384, 297, 297, 188, 64, 64, 66, 0, 0
385, 297, 297, 188, 64, 64, 66, 0, 0
386, 297, 297, 188, 64, 64, 66, 0, 0
387, 297, 297, 188, 64, 64, 66, 0, 0
388, 297, 297, 188, 64, 64, 66, 0, 0
389, 297, 297, 188, 64, 64, 66, 0, 0
390, 297, 297, 188, 64, 64, 66, 0, 0
391, 297, 297, 188, 64, 64, 66, 0, 0
392, 297, 297, 188, 64, 64, 66, 0, 0
393, 297, 297, 188, 64, 64, 66, 0, 0
394, 297, 297, 188, 64, 64, 66, 0, 0
395, 297, 297, 188, 64, 64, 66, 0, 0
396, 297, 297, 188, 64, 64, 66, 0, 0
397, 297, 297, 188, 64, 64, 66, 0, 0
398, 297, 297, 188, 64, 64, 66, 0, 0
399, 297, 297, 188, 64, 64, 66, 0, 0
400, 297, 297, 188, 64, 64, 66, 0, 0
401, 297, 297, 188, 64, 64, 66, 0, 0
402, 297, 297, 188, 64, 64, 66, 0, 0
403, 297, 297, 188, 64, 64, 66, 0, 0
404, 297, 297, 188, 64, 64, 66, 0, 0
405, 297, 297, 188, 64, 64, 66, 0, 0
406, 297, 297, 188, 64, 64, 66, 0, 0
407, 297, 297, 188, 64, 64, 66, 0, 0
408, 297, 297, 188, 64, 64, 66, 0, 0
409, 297, 297, 188, 64, 64, 66, 0, 0
410, 297, 297, 188, 64, 64, 66, 0, 0
411, 297, 297, 188, 64, 64, 66, 0, 0
412, 297, 297, 188, 64, 64, 66, 0, 0
413, 297, 297, 188, 64, 64, 66, 0, 0
414, 297, 297, 188, 64, 64, 66, 0, 0
415, 297, 297, 188, 64, 64, 66, 0, 0
416, 297, 297, 188, 64, 64, 66, 0, 0
417, 297, 297, 188, 64, 64, 66, 0, 0
418, 297, 297, 188, 64, 64, 66, 0, 0
419, 297, 297, 188, 64, 64, 66, 0, 0
420, 297, 297, 188, 64, 64, 66, 0, 0
421, 297, 297, 188, 64, 64, 66, 0, 0
422, 297, 297, 188, 64, 64, 66, 0, 0
423, 297, 297, 188, 64, 64, 66, 0, 0
424, 297, 297, 188, 64, 64, 66, 0, 0
425, 297, 297, 188, 64, 64, 66, 0, 0
426, 297, 297, 188, 64, 64, 66, 0, 0
427, 297, 297, 188, 64, 64, 66, 0, 0
428, 297, 297, 188, 64, 64, 66, 0, 0
429, 297, 297, 188, 64, 64, 66, 0, 0
430, 297, 297, 188, 64, 64, 66, 0, 0
431, 297, 297, 188, 64, 64, 66, 0, 0
432, 297, 297, 188, 64, 64, 66, 0, 0
433, 297, 297, 188, 64, 64, 66, 0, 0
434, 297, 297, 188, 64, 64, 66, 0, 0
435, 297, 297, 188, 64, 64, 66, 0, 0
436, 297, 297, 188, 64, 64, 66, 0, 0
437, 297, 297, 188, 64, 64, 66, 0, 0
438, 297, 297, 188, 64, 64, 66, 0, 0
439, 297, 297, 188, 64, 64, 66, 0, 0
440, 297, 297, 188, 64, 64, 66, 0, 0
441, 297, 297, 188, 64, 64, 66, 0, 0
442, 297, 297, 188, 64, 64, 66, 0, 0
443, 297, 297, 188, 64, 64, 66, 0, 0
444, 297, 297, 188, 64, 64, 66, 0, 0
445, 297, 297, 188, 64, 64, 66, 0, 0
446, 297, 297, 188, 64, 64, 66, 0, 0
447, 297, 297, 188, 64, 64, 66, 0, 0
448, 297, 297, 188, 64, 64, 66, 0, 0
449, 297, 297, 188, 64, 64, 66, 0, 0
450, 297, 297, 188, 64, 64, 66, 0, 0
451, 297, 297, 188, 64, 64, 66, 0, 0
452, 297, 297, 188, 64, 64, 66, 0, 0
453, 297, 297, 188, 64, 64, 66, 0, 0
454, 297, 297, 188, 64, 64, 66, 0, 0
455, 297, 297, 188, 64, 64, 66, 0, 0
456, 297, 297, 188, 64, 64, 66, 0, 0
457, 297, 297, 188, 64, 64, 66, 0, 0
458, 297, 297, 188, 64, 64, 66, 0, 0
459, 297, 297, 188, 64, 64, 66, 0, 0
460, 297, 297, 188, 64, 64, 66, 0, 0
461, 297, 297, 188, 64, 64, 66, 0, 0
462, 297, 297, 188, 64, 64, 66, 0, 0
463, 297, 297, 188, 64, 64, 66, 0, 0
464, 297, 297, 188, 64, 64, 66, 0, 0
465, 297, 297, 188, 64, 64, 66, 0, 0
466, 297, 297, 188, 64, 64, 66, 0, 0
467, 297, 297, 188, 64, 64, 66, 0, 0
468, 297, 297, 188, 64, 64, 66, 0, 0
469, 297, 297, 188, 64, 64, 66, 0, 0
470, 297, 297, 188, 64, 64, 66, 0, 0
471, 297, 297, 188, 64, 64, 66, 0, 0
472, 297, 297, 188, 64, 64, 66, 0, 0
473, 297, 297, 188, 64, 64, 66, 0, 0
474, 297, 297, 188, 64, 64, 66, 0, 0
475, 297, 297, 188, 64, 64, 66, 0, 0
476, 297, 297, 188, 64, 64, 66, 0, 0
477, 297, 297, 188, 64, 64, 66, 0, 0
478, 297, 297, 188, 64, 64, 66, 0, 0
479, 297, 297, 188, 64, 64, 66, 0, 0
480, 297, 297, 188, 64, 64, 66, 0, 0
481, 297, 297, 188, 64, 64, 66, 0, 0
482, 297, 297, 188, 64, 64, 66, 0, 0
483, 297, 297, 188, 64, 64, 66, 0, 0
484, 297, 297, 188, 64, 64, 66, 0, 0
485, 297, 297, 188, 64, 64, 66, 0, 0
486, 297, 297, 188, 64, 64, 66, 0, 0
487, 297, 297, 188, 64, 64, 66, 0, 0
488, 297, 297, 188, 64, 64, 66, 0, 0
489, 297, 297, 188, 64, 64, 66, 0, 0
490, 297, 297, 188, 64, 64, 66, 0, 0
491, 297, 297, 188, 64, 64, 66, 0, 0
492, 297, 297, 188, 64, 64, 66, 0, 0
493, 297, 297, 188, 64, 64, 66, 0, 0
494, 297, 297, 188, 64, 64, 66, 0, 0
495, 297, 297, 188, 64, 64, 66, 0, 0
496, 297, 297, 188, 64, 64, 66, 0, 0
497, 297, 297, 188, 64, 64, 66, 0, 0
498, 297, 297, 188, 64, 64, 66, 0, 0
499, 297, 297, 188, 64, 64, 66, 0, 0
500, 297, 297, 188, 64, 64, 66, 0, 0
501, 297, 297, 188, 64, 64, 66, 0, 0
502, 297, 297, 188, 64, 64, 66, 0, 0
503, 297, 297, 188, 64, 64, 66, 0, 0
504, 297, 297, 188, 64, 64, 66, 0, 0
505, 297, 297, 188, 64, 64, 66, 0, 0
506, 297, 297, 188, 64, 64, 66, 0, 0
507, 297, 297, 188, 64, 64, 66, 0, 0
508, 297, 297, 188, 64, 64, 66, 0, 0
509, 297, 297, 188, 64, 64, 66, 0, 0
510, 297, 297, 188, 64, 64, 66, 0, 0
511, 297, 297, 188, 64, 64, 66, 0, 0
512, 297, 297, 188, 64, 64, 66, 0, 0
513, 297, 297, 188, 64, 64, 66, 0, 0
514, 297, 297, 188, 64, 64, 66, 0, 0
515, 297, 297, 188, 64, 64, 66, 0, 0
516, 297, 297, 188, 64, 64, 66, 0, 0
517, 297, 297, 188, 64, 64, 66, 0, 0
518, 297, 297, 188, 64, 64, 66, 0, 0
519, 297, 297, 188, 64, 64, 66, 0, 0
520, 297, 297, 188, 64, 64, 66, 0, 0
521, 297, 297, 188, 64, 64, 66, 0, 0
522, 297, 297, 188, 64, 64, 66, 0, 0
523, 297, 297, 188, 64, 64, 66, 0, 0
524, 297, 297, 188, 64, 64, 66, 0, 0
525, 297, 297, 188, 64, 64, 66, 0, 0
526, 297, 297, 188, 64, 64, 66, 0, 0
527, 297, 297, 188, 64, 64, 66, 0, 0
528, 297, 297, 188, 64, 64, 66, 0, 0
529, 297, 297, 188, 64, 64, 66, 0, 0
530, 297, 297, 188, 64, 64, 66, 0, 0
531, 297, 297, 188, 64, 64, 66, 0, 0
532, 297, 297, 188, 64, 64, 66, 0, 0
533, 297, 297, 188, 64, 64, 66, 0, 0
534, 297, 297, 188, 64, 64, 66, 0, 0
535, 297, 297, 188, 64, 64, 66, 0, 0
536, 297, 297, 188, 64, 64, 66, 0, 0
537, 297, 297, 188, 64, 64, 66, 0, 0
538, 297, 297, 188, 64, 64, 66, 0, 0
539, 297, 297, 188, 64, 64, 66, 0, 0
540, 297, 297, 188, 64, 64, 66, 0, 0
541, 297, 297, 188, 64, 64, 66, 0, 0
542, 297, 297, 188, 64, 64, 66, 0, 0
543, 297, 297, 188, 64, 64, 66, 0, 0
544, 297, 297, 188, 64, 64, 66, 0, 0
545, 297, 297, 188, 64, 64, 66, 0, 0
546, 297, 297, 188, 64, 64, 66, 0, 0
547, 297, 297, 188, 64, 64, 66, 0, 0
548, 297, 297, 188, 64, 64, 66, 0, 0
549, 297, 297, 188, 64, 64, 66, 0, 0
550, 297, 297, 188, 64, 64, 66, 0, 0
551, 297, 297, 188, 64, 64, 66, 0, 0
552, 297, 297, 188, 64, 64, 66, 0, 0
553, 297, 297, 188, 64, 64, 66, 0, 0
554, 297, 297, 188, 64, 64, 66, 0, 0
555, 297, 297, 188, 64, 64, 66, 0, 0
556, 297, 297, 188, 64, 64, 66, 0, 0
557, 297, 297, 188, 64, 64, 66, 0, 0
558, 297, 297, 188, 64, 64, 66, 0, 0
559, 297, 297, 188, 64, 64, 66, 0, 0
560, 297, 297, 188, 64, 64, 66, 0, 0
561, 297, 297, 188, 64, 64, 66, 0, 0
562, 297, 297, 188, 64, 64, 66, 0, 0
563, 297, 297, 188, 64, 64, 66, 0, 0
564, 297, 297, 188, 64, 64, 66, 0, 0
565, 297, 297, 188, 64, 64, 66, 0, 0
566, 297, 297, 188, 64, 64, 66, 0, 0
567, 297, 297, 188, 64, 64, 66, 0, 0
568, 297, 297, 188, 64, 64, 66, 0, 0
569, 297, 297, 188, 64, 64, 66, 0, 0
570, 297, 297, 188, 64, 64, 66, 0, 0
571, 297, 297, 188, 64, 64, 66, 0, 0
572, 297, 297, 188, 64, 64, 66, 0, 0
573, 297, 297, 188, 64, 64, 66, 0, 0
574, 297, 297, 188, 64, 64, 66, 0, 0
575, 297, 297, 188, 64, 64, 66, 0, 0
576, 297, 297, 188, 64, 64, 66, 0, 0
577, 297, 297, 188, 64, 64, 66, 0, 0
578, 297, 297, 188, 64, 64, 66, 0, 0
579, 297, 297, 188, 64, 64, 66, 0, 0
580, 297, 297, 188, 64, 64, 66, 0, 0
581, 297, 297, 188, 64, 64, 66, 0, 0
582, 297, 297, 188, 64, 64, 66, 0, 0
583, 297, 297, 188, 64, 64, 66, 0, 0
584, 297, 297, 188, 64, 64, 66, 0, 0
585, 297, 297, 188, 64, 64, 66, 0, 0
586, 297, 297, 188, 64, 64, 66, 0, 0
587, 297, 297, 188, 64, 64, 66, 0, 0
588, 297, 297, 188, 64, 64, 66, 0, 0
589, 297, 297, 188, 64, 64, 66, 0, 0
590, 297, 297, 188, 64, 64, 66, 0, 0
591, 297, 297, 188, 64, 64, 66, 0, 0
592, 297, 297, 188, 64, 64, 66, 0, 0
593, 297, 297, 188, 64, 64, 66, 0, 0
594, 297, 297, 188, 64, 64, 66, 0, 0
595, 297, 297, 188, 64, 64, 66, 0, 0
596, 297, 297, 188, 64, 64, 66, 0, 0
597, 297, 297, 188, 64, 64, 66, 0, 0
598, 297, 297, 188, 64, 64, 66, 0, 0
599, 297, 297, 188, 64, 64, 66, 0, 0
600, 297, 297, 188, 64, 64, 66, 0, 0
601, 297, 297, 188, 64, 64, 66, 0, 0
602, 297, 297, 188, 64, 64, 66, 0, 0
603, 297, 297, 188, 64, 64, 66, 0, 0
604, 297, 297, 188, 64, 64, 66, 0, 0
605, 297, 297, 188, 64, 64, 66, 0, 0
606, 297, 297, 188, 64, 64, 66, 0, 0
607, 297, 297, 188, 64, 64, 66, 0, 0
608, 297, 297, 188, 64, 64, 66, 0, 0
609, 297, 297, 188, 64, 64, 66, 0, 0
610, 297, 297, 188, 64, 64, 66, 0, 0
611, 297, 297, 188, 64, 64, 66, 0, 0
612, 297, 297, 188, 64, 64, 66, 0, 0
613, 297, 297, 188, 64, 64, 66, 0, 0
614, 297, 297, 188, 64, 64, 66, 0, 0
615, 297, 297, 188, 64, 64, 66, 0, 0
616, 297, 297, 188, 64, 64, 66, 0, 0
617, 297, 297, 188, 64, 64, 66, 0, 0
618, 297, 297, 188, 64, 64, 66, 0, 0
619, 297, 297, 188, 64, 64, 66, 0, 0
620, 297, 297, 188, 64, 64, 66, 0, 0
621, 297, 297, 188, 64, 64, 66, 0, 0
622, 297, 297, 188, 64, 64, 66, 0, 0
623, 297, 297, 188, 64, 64, 66, 0, 0
624, 297, 297, 188, 64, 64, 66, 0, 0
625, 297, 297, 188, 64, 64, 66, 0, 0
626, 297, 297, 188, 64, 64, 66, 0, 0
627, 297, 297, 188, 64, 64, 66, 0, 0
628, 297, 297, 188, 64, 64, 66, 0, 0
629, 297, 297, 188, 64, 64, 66, 0, 0
630, 297, 297, 188, 64, 64, 66, 0, 0
631, 297, 297, 188, 64, 64, 66, 0, 0
632, 297, 297, 188, 64, 64, 66, 0, 0
633, 297, 297, 188, 64, 64, 66, 0, 0
634, 297, 297, 188, 64, 64, 66, 0, 0
635, 297, 297, 188, 64, 64, 66, 0, 0
636, 297, 297, 188, 64, 64, 66, 0, 0
637, 297, 297, 188, 64, 64, 66, 0, 0
638, 297, 297, 188, 64, 64, 66, 0, 0
639, 297, 297, 188, 64, 64, 66, 0, 0
640, 297, 297, 188, 64, 64, 66, 0, 0
641, 297, 297, 188, 64, 64, 66, 0, 0
642, 297, 297, 188, 64, 64, 66, 0, 0
643, 297, 297, 188, 64, 64, 66, 0, 0
644, 297, 297, 188, 64, 64, 66, 0, 0
645, 297, 297, 188, 64, 64, 66, 0, 0
646, 297, 297, 188, 64, 64, 66, 0, 0
647, 297, 297, 188, 64, 64, 66, 0, 0
648, 297, 297, 188, 64, 64, 66, 0, 0
649, 297, 297, 188, 64, 64, 66, 0, 0
650, 297, 297, 188, 64, 64, 66, 0, 0
651, 297, 297, 188, 64, 64, 66, 0, 0
652, 297, 297, 188, 64, 64, 66, 0, 0
653, 297, 297, 188, 64, 64, 66, 0, 0
654, 297, 297, 188, 64, 64, 66, 0, 0
655, 297, 297, 188, 64, 64, 66, 0, 0
656, 297, 297, 188, 64, 64, 66, 0, 0
657, 297, 297, 188, 64, 64, 66, 0, 0
658, 297, 297, 188, 64, 64, 66, 0, 0
659, 297, 297, 188, 64, 64, 66, 0, 0
660, 297, 297, 188, 64, 64, 66, 0, 0
661, 297, 297, 188, 64, 64, 66, 0, 0
662, 297, 297, 188, 64, 64, 66, 0, 0
663, 297, 297, 188, 64, 64, 66, 0, 0
664, 297, 297, 188, 64, 64, 66, 0, 0
665, 297, 297, 188, 64, 64, 66, 0, 0
666, 297, 297, 188, 64, 64, 66, 0, 0
667, 297, 297, 188, 64, 64, 66, 0, 0
668, 297, 297, 188, 64, 64, 66, 0, 0
669, 297, 297, 188, 64, 64, 66, 0, 0
670, 297, 297, 188, 64, 64, 66, 0, 0
671, 297, 297, 188, 64, 64, 66, 0, 0
672, 297, 297, 188, 64, 64, 66, 0, 0
673, 297, 297, 188, 64, 64, 66, 0, 0
674, 297, 297, 188, 64, 64, 66, 0, 0
675, 297, 297, 188, 64, 64, 66, 0, 0
676, 297, 297, 188, 64, 64, 66, 0, 0
677, 297, 297, 188, 64, 64, 66, 0, 0
678, 297, 297, 188, 64, 64, 66, 0, 0
679, 297, 297, 188, 64, 64, 66, 0, 0
680, 297, 297, 188, 64, 64, 66, 0, 0
681, 297, 297, 188, 64, 64, 66, 0, 0
682, 297, 297, 188, 64, 64, 66, 0, 0
683, 297, 297, 188, 64, 64, 66, 0, 0
684, 297, 297, 188, 64, 64, 66, 0, 0
685, 297, 297, 188, 64, 64, 66, 0, 0
686, 297, 297, 188, 64, 64, 66, 0, 0
687, 297, 297, 188, 64, 64, 66, 0, 0
688, 297, 297, 188, 64, 64, 66, 0, 0
689, 297, 297, 188, 64, 64, 66, 0, 0
690, 297, 297, 188, 64, 64, 66, 0, 0
691, 297, 297, 188, 64, 64, 66, 0, 0
692, 297, 297, 188, 64, 64, 66, 0, 0
693, 297, 297, 188, 64, 64, 66, 0, 0
694, 297, 297, 188, 64, 64, 66, 0, 0
695, 297, 297, 188, 64, 64, 66, 0, 0
696, 297, 297, 188, 64, 64, 66, 0, 0
697, 297, 297, 188, 64, 64, 66, 0, 0
698, 297, 297, 188, 64, 64, 66, 0, 0
699, 297, 297, 188, 64, 64, 66, 0, 0
700, 297, 297, 188, 64, 64, 66, 0, 0
701, 297, 297, 188, 64, 64, 66, 0, 0
702, 297, 297, 188, 64, 64, 66, 0, 0
703, 297, 297, 188, 64, 64, 66, 0, 0
704, 297, 297, 188, 64, 64, 66, 0, 0
705, 297, 297, 188, 64, 64, 66, 0, 0
706, 297, 297, 188, 64, 64, 66, 0, 0
707, 297, 297, 188, 64, 64, 66, 0, 0
708, 297, 297, 188, 64, 64, 66, 0, 0
709, 297, 297, 188, 64, 64, 66, 0, 0
710, 297, 297, 188, 64, 64, 66, 0, 0
711, 297, 297, 188, 64, 64, 66, 0, 0
712, 297, 297, 188, 64, 64, 66, 0, 0
713, 297, 297, 188, 64, 64, 66, 0, 0
714, 297, 297, 188, 64, 64, 66, 0, 0
715, 297, 297, 188, 64, 64, 66, 0, 0
716, 297, 297, 188, 64, 64, 66, 0, 0
717, 297, 297, 188, 64, 64, 66, 0, 0
718, 297, 297, 188, 64, 64, 66, 0, 0
719, 297, 297, 188, 64, 64, 66, 0, 0
720, 297, 297, 188, 64, 64, 66, 0, 0
721, 297, 297, 188, 64, 64, 66, 0, 0
722, 297, 297, 188, 64, 64, 66, 0, 0
723, 297, 297, 188, 64, 64, 66, 0, 0
724, 297, 297, 188, 64, 64, 66, 0, 0
725, 297, 297, 188, 64, 64, 66, 0, 0
726, 297, 297, 188, 64, 64, 66, 0, 0
727, 297, 297, 188, 64, 64, 66, 0, 0
728, 297, 297, 188, 64, 64, 66, 0, 0
729, 297, 297, 188, 64, 64, 66, 0, 0
730, 297, 297, 188, 64, 64, 66, 0, 0
731, 297, 297, 188, 64, 64, 66, 0, 0
732, 297, 297, 188, 64, 64, 66, 0, 0
733, 297, 297, 188, 64, 64, 66, 0, 0
734, 297, 297, 188, 64, 64, 66, 0, 0
735, 297, 297, 188, 64, 64, 66, 0, 0
736, 297, 297, 188, 64, 64, 66, 0, 0
737, 297, 297, 188, 64, 64, 66, 0, 0
738, 297, 297, 188, 64, 64, 66, 0, 0
739, 297, 297, 188, 64, 64, 66, 0, 0
740, 297, 297, 188, 64, 64, 66, 0, 0
741, 297, 297, 188, 64, 64, 66, 0, 0
742, 297, 297, 188, 64, 64, 66, 0, 0
743, 297, 297, 188, 64, 64, 66, 0, 0
744, 297, 297, 188, 64, 64, 66, 0, 0
745, 297, 297, 188, 64, 64, 66, 0, 0
746, 297, 297, 188, 64, 64, 66, 0, 0
747, 297, 297, 188, 64, 64, 66, 0, 0
748, 297, 297, 188, 64, 64, 66, 0, 0
749, 297, 297, 188, 64, 64, 66, 0, 0
750, 297, 297, 188, 64, 64, 66, 0, 0
751, 297, 297, 188, 64, 64, 66, 0, 0
752, 297, 297, 188, 64, 64, 66, 0, 0
753, 297, 297, 188, 64, 64, 66, 0, 0
754, 297, 297, 188, 64, 64, 66, 0, 0
755, 297, 297, 188, 64, 64, 66, 0, 0
756, 297, 297, 188, 64, 64, 66, 0, 0
757, 297, 297, 188, 64, 64, 66, 0, 0
758, 297, 297, 188, 64, 64, 66, 0, 0
759, 297, 297, 188, 64, 64, 66, 0, 0
760, 297, 297, 188, 64, 64, 66, 0, 0
761, 297, 297, 188, 64, 64, 66, 0, 0
762, 297, 297, 188, 64, 64, 66, 0, 0
763, 297, 297, 188, 64, 64, 66, 0, 0
764, 297, 297, 188, 64, 64, 66, 0, 0
765, 297, 297, 188, 64, 64, 66, 0, 0
766, 297, 297, 188, 64, 64, 66, 0, 0
767, 297, 297, 188, 64, 64, 66, 0, 0
768, 297, 297, 188, 64, 64, 66, 0, 0
769, 297, 297, 188, 64, 64, 66, 0, 0
770, 297, 297, 188, 64, 64, 66, 0, 0
771, 297, 297, 188, 64, 64, 66, 0, 0
772, 297, 297, 188, 64, 64, 66, 0, 0
773, 297, 297, 188, 64, 64, 66, 0, 0
774, 297, 297, 188, 64, 64, 66, 0, 0
775, 297, 297, 188, 64, 64, 66, 0, 0
776, 297, 297, 188, 64, 64, 66, 0, 0
777, 297, 297, 188, 64, 64, 66, 0, 0
778, 297, 297, 188, 64, 64, 66, 0, 0
779, 297, 297, 188, 64, 64, 66, 0, 0
780, 297, 297, 188, 64, 64, 66, 0, 0
781, 297, 297, 188, 64, 64, 66, 0, 0
782, 297, 297, 188, 64, 64, 66, 0, 0
783, 297, 297, 188, 64, 64, 66, 0, 0
784, 297, 297, 188, 64, 64, 66, 0, 0
785, 297, 297, 188, 64, 64, 66, 0, 0
786, 297, 297, 188, 64, 64, 66, 0, 0
787, 297, 297, 188, 64, 64, 66, 0, 0
788, 297, 297, 188, 64, 64, 66, 0, 0
789, 297, 297, 188, 64, 64, 66, 0, 0
790, 297, 297, 188, 64, 64, 66, 0, 0
791, 297, 297, 188, 64, 64, 66, 0, 0
792, 297, 297, 188, 64, 64, 66, 0, 0
793, 297, 297, 188, 64, 64, 66, 0, 0
794, 297, 297, 188, 64, 64, 66, 0, 0
795, 297, 297, 188, 64, 64, 66, 0, 0
796, 297, 297, 188, 64, 64, 66, 0, 0
797, 297, 297, 188, 64, 64, 66, 0, 0
798, 297, 297, 188, 64, 64, 66, 0, 0
799, 297, 297, 188, 64, 64, 66, 0, 0
800, 297, 297, 188, 64, 64, 66, 0, 0
801, 297, 297, 188, 64, 64, 66, 0, 0
802, 297, 297, 188, 64, 64, 66, 0, 0
803, 297, 297, 188, 64, 64, 66, 0, 0
804, 297, 297, 188, 64, 64, 66, 0, 0
805, 297, 297, 188, 64, 64, 66, 0, 0
806, 297, 297, 188, 64, 64, 66, 0, 0
807, 297, 297, 188, 64, 64, 66, 0, 0
808, 297, 297, 188, 64, 64, 66, 0, 0
809, 297, 297, 188, 64, 64, 66, 0, 0
810, 297, 297, 188, 64, 64, 66, 0, 0
811, 297, 297, 188, 64, 64, 66, 0, 0
812, 297, 297, 188, 64, 64, 66, 0, 0
813, 297, 297, 188, 64, 64, 66, 0, 0
814, 297, 297, 188, 64, 64, 66, 0, 0
815, 297, 297, 188, 64, 64, 66, 0, 0
816, 297, 297, 188, 64, 64, 66, 0, 0
817, 297, 297, 188, 64, 64, 66, 0, 0
818, 297, 297, 188, 64, 64, 66, 0, 0
819, 297, 297, 188, 64, 64, 66, 0, 0
820, 297, 297, 188, 64, 64, 66, 0, 0
821, 297, 297, 188, 64, 64, 66, 0, 0
822, 297, 297, 188, 64, 64, 66, 0, 0
823, 297, 297, 188, 64, 64, 66, 0, 0
824, 297, 297, 188, 64, 64, 66, 0, 0
825, 297, 297, 188, 64, 64, 66, 0, 0
826, 297, 297, 188, 64, 64, 66, 0, 0
827, 297, 297, 188, 64, 64, 66, 0, 0
828, 297, 297, 188, 64, 64, 66, 0, 0
829, 297, 297, 188, 64, 64, 66, 0, 0
830, 297, 297, 188, 64, 64, 66, 0, 0
831, 297, 297, 188, 64, 64, 66, 0, 0
832, 297, 297, 188, 64, 64, 66, 0, 0
833, 297, 297, 188, 64, 64, 66, 0, 0
834, 297, 297, 188, 64, 64, 66, 0, 0
835, 297, 297, 188, 64, 64, 66, 0, 0
836, 297, 297, 188, 64, 64, 66, 0, 0
837, 297, 297, 188, 64, 64, 66, 0, 0
838, 297, 297, 188, 64, 64, 66, 0, 0
839, 297, 297, 188, 64, 64, 66, 0, 0
840, 297, 297, 188, 64, 64, 66, 0, 0
841, 297, 297, 188, 64, 64, 66, 0, 0
842, 297, 297, 188, 64, 64, 66, 0, 0
843, 297, 297, 188, 64, 64, 66, 0, 0
844, 297, 297, 188, 64, 64, 66, 0, 0
845, 297, 297, 188, 64, 64, 66, 0, 0
846, 297, 297, 188, 64, 64, 66, 0, 0
847, 297, 297, 188, 64, 64, 66, 0, 0
848, 297, 297, 188, 64, 64, 66, 0, 0
849, 297, 297, 188, 64, 64, 66, 0, 0
850, 297, 297, 188, 64, 64, 66, 0, 0
851, 297, 297, 188, 64, 64, 66, 0, 0
852, 297, 297, 188, 64, 64, 66, 0, 0
853, 297, 297, 188, 64, 64, 66, 0, 0
854, 297, 297, 188, 64, 64, 66, 0, 0
855, 297, 297, 188, 64, 64, 66, 0, 0
856, 297, 297, 188, 64, 64, 66, 0, 0
857, 297, 297, 188, 64, 64, 66, 0, 0
858, 297, 297, 188, 64, 64, 66, 0, 0
859, 297, 297, 188, 64, 64, 66, 0, 0
860, 297, 297, 188, 64, 64, 66, 0, 0
861, 297, 297, 188, 64, 64, 66, 0, 0
862, 297, 297, 188, 64, 64, 66, 0, 0
863, 297, 297, 188, 64, 64, 66, 0, 0
864, 297, 297, 188, 64, 64, 66, 0, 0
865, 297, 297, 188, 64, 64, 66, 0, 0
866, 297, 297, 188, 64, 64, 66, 0, 0
867, 297, 297, 188, 64, 64, 66, 0, 0
868, 297, 297, 188, 64, 64, 66, 0, 0
869, 297, 297, 188, 64, 64, 66, 0, 0
870, 297, 297, 188, 64, 64, 66, 0, 0
871, 297, 297, 188, 64, 64, 66, 0, 0
872, 297, 297, 188, 64, 64, 66, 0, 0
873, 297, 297, 188, 64, 64, 66, 0, 0
874, 297, 297, 188, 64, 64, 66, 0, 0
875, 297, 297, 188, 64, 64, 66, 0, 0
876, 297, 297, 188, 64, 64, 66, 0, 0
877, 297, 297, 188, 64, 64, 66, 0, 0
878, 297, 297, 188, 64, 64, 66, 0, 0
879, 297, 297, 188, 64, 64, 66, 0, 0
880, 297, 297, 188, 64, 64, 66, 0, 0
881, 297, 297, 188, 64, 64, 66, 0, 0
882, 297, 297, 188, 64, 64, 66, 0, 0
883, 297, 297, 188, 64, 64, 66, 0, 0
884, 297, 297, 188, 64, 64, 66, 0, 0
885, 297, 297, 188, 64, 64, 66, 0, 0
886, 297, 297, 188, 64, 64, 66, 0, 0
887, 297, 297, 188, 64, 64, 66, 0, 0
888, 297, 297, 188, 64, 64, 66, 0, 0
889, 297, 297, 188, 64, 64, 66, 0, 0
890, 297, 297, 188, 64, 64, 66, 0, 0
891, 297, 297, 188, 64, 64, 66, 0, 0
892, 297, 297, 188, 64, 64, 66, 0, 0
893, 297, 297, 188, 64, 64, 66, 0, 0
894, 297, 297, 188, 64, 64, 66, 0, 0
895, 297, 297, 188, 64, 64, 66, 0, 0
896, 297, 297, 188, 64, 64, 66, 0, 0
897, 297, 297, 188, 64, 64, 66, 0, 0
898, 297, 297, 188, 64, 64, 66, 0, 0
899, 297, 297, 188, 64, 64, 66, 0, 0
900, 297, 297, 188, 64, 64, 66, 0, 0
901, 297, 297, 188, 64, 64, 66, 0, 0
902, 297, 297, 188, 64, 64, 66, 0, 0
903, 297, 297, 188, 64, 64, 66, 0, 0
904, 297, 297, 188, 64, 64, 66, 0, 0
905, 297, 297, 188, 64, 64, 66, 0, 0
906, 297, 297, 188, 64, 64, 66, 0, 0
907, 297, 297, 188, 64, 64, 66, 0, 0
908, 297, 297, 188, 64, 64, 66, 0, 0
909, 297, 297, 188, 64, 64, 66, 0, 0
910, 297, 297, 188, 64, 64, 66, 0, 0
911, 297, 297, 188, 64, 64, 66, 0, 0
912, 297, 297, 188, 64, 64, 66, 0, 0
913, 297, 297, 188, 64, 64, 66, 0, 0
914, 297, 297, 188, 64, 64, 66, 0, 0
915, 297, 297, 188, 64, 64, 66, 0, 0
916, 297, 297, 188, 64, 64, 66, 0, 0
917, 297, 297, 188, 64, 64, 66, 0, 0
918, 297, 297, 188, 64, 64, 66, 0, 0
919, 297, 297, 188, 64, 64, 66, 0, 0
920, 297, 297, 188, 64, 64, 66, 0, 0
921, 297, 297, 188, 64, 64, 66, 0, 0
922, 297, 297, 188, 64, 64, 66, 0, 0
923, 297, 297, 188, 64, 64, 66, 0, 0
924, 297, 297, 188, 64, 64, 66, 0, 0
925, 297, 297, 188, 64, 64, 66, 0, 0
926, 297, 297, 188, 64, 64, 66, 0, 0
927, 297, 297, 188, 64, 64, 66, 0, 0
928, 297, 297, 188, 64, 64, 66, 0, 0
929, 297, 297, 188, 64, 64, 66, 0, 0
930, 297, 297, 188, 64, 64, 66, 0, 0
931, 297, 297, 188, 64, 64, 66, 0, 0
932, 297, 297, 188, 64, 64, 66, 0, 0
933, 297, 297, 188, 64, 64, 66, 0, 0
934, 297, 297, 188, 64, 64, 66, 0, 0
935, 297, 297, 188, 64, 64, 66, 0, 0
936, 297, 297, 188, 64, 64, 66, 0, 0
937, 297, 297, 188, 64, 64, 66, 0, 0
938, 297, 297, 188, 64, 64, 66, 0, 0
939, 297, 297, 188, 64, 64, 66, 0, 0
940, 297, 297, 188, 64, 64, 66, 0, 0
941, 297, 297, 188, 64, 64, 66, 0, 0
942, 297, 297, 188, 64, 64, 66, 0, 0
943, 297, 297, 188, 64, 64, 66, 0, 0
944, 297, 297, 188, 64, 64, 66, 0, 0
945, 297, 297, 188, 64, 64, 66, 0, 0
946, 297, 297, 188, 64, 64, 66, 0, 0
947, 297, 297, 188, 64, 64, 66, 0, 0
948, 297, 297, 188, 64, 64, 66, 0, 0
949, 297, 297, 188, 64, 64, 66, 0, 0
950, 297, 297, 188, 64, 64, 66, 0, 0
951, 297, 297, 188, 64, 64, 66, 0, 0
952, 297, 297, 188, 64, 64, 66, 0, 0
953, 297, 297, 188, 64, 64, 66, 0, 0
954, 297, 297, 188, 64, 64, 66, 0, 0
955, 297, 297, 188, 64, 64, 66, 0, 0
956, 297, 297, 188, 64, 64, 66, 0, 0
957, 297, 297, 188, 64, 64, 66, 0, 0
958, 297, 297, 188, 64, 64, 66, 0, 0
959, 297, 297, 188, 64, 64, 66, 0, 0
960, 297, 297, 188, 64, 64, 66, 0, 0
961, 297, 297, 188, 64, 64, 66, 0, 0
962, 297, 297, 188, 64, 64, 66, 0, 0
963, 297, 297, 188, 64, 64, 66, 0, 0
964, 297, 297, 188, 64, 64, 66, 0, 0
965, 297, 297, 188, 64, 64, 66, 0, 0
966, 297, 297, 188, 64, 64, 66, 0, 0
967, 297, 297, 188, 64, 64, 66, 0, 0
968, 297, 297, 188, 64, 64, 66, 0, 0
969, 297, 297, 188, 64, 64, 66, 0, 0
970, 297, 297, 188, 64, 64, 66, 0, 0
971, 297, 297, 188, 64, 64, 66, 0, 0
972, 297, 297, 188, 64, 64, 66, 0, 0
973, 297, 297, 188, 64, 64, 66, 0, 0
974, 297, 297, 188, 64, 64, 66, 0, 0
975, 297, 297, 188, 64, 64, 66, 0, 0
976, 297, 297, 188, 64, 64, 66, 0, 0
977, 297, 297, 188, 64, 64, 66, 0, 0
978, 297, 297, 188, 64, 64, 66, 0, 0
979, 297, 297, 188, 64, 64, 66, 0, 0
980, 297, 297, 188, 64, 64, 66, 0, 0
981, 297, 297, 188, 64, 64, 66, 0, 0
982, 297, 297, 188, 64, 64, 66, 0, 0
983, 297, 297, 188, 64, 64, 66, 0, 0
984, 297, 297, 188, 64, 64, 66, 0, 0
985, 297, 297, 188, 64, 64, 66, 0, 0
986, 297, 297, 188, 64, 64, 66, 0, 0
987, 297, 297, 188, 64, 64, 66, 0, 0
988, 297, 297, 188, 64, 64, 66, 0, 0
989, 297, 297, 188, 64, 64, 66, 0, 0
990, 297, 297, 188, 64, 64, 66, 0, 0
991, 297, 297, 188, 64, 64, 66, 0, 0
992, 297, 297, 188, 64, 64, 66, 0, 0
993, 297, 297, 188, 64, 64, 66, 0, 0
994, 297, 297, 188, 64, 64, 66, 0, 0
995, 297, 297, 188, 64, 64, 66, 0, 0
996, 297, 297, 188, 64, 64, 66, 0, 0
997, 297, 297, 188, 64, 64, 66, 0, 0
998, 297, 297, 188, 64, 64, 66, 0, 0
999, 297, 297, 188, 64, 64, 66, 0, 0
