0, 50, 50, 50, 71, 61, 70, 90, 90
1, 50, 50, 50, 50, 50, 55, 90, 90
2, 50, 50, 50, 51, 50, 53, 90, 90
3, 50, 50, 50, 53, 50, 52, 90, 90
4, 50, 50, 50, 50, 50, 51, 90, 90
5, 50, 50, 50, 50, 50, 51, 90, 90
6, 50, 50, 50, 50, 50, 51, 90, 90
7, 50, 50, 50, 50, 50, 51, 90, 90
8, 50, 50, 50, 50, 50, 51, 90, 90
9, 50, 50, 50, 50, 50, 51, 90, 90
10, 50, 50, 50, 50, 50, 51, 90, 90
11, 50, 50, 50, 50, 50, 51, 90, 90
12, 50, 50, 50, 50, 50, 51, 90, 90
13, 50, 50, 50, 50, 50, 51, 90, 90
14, 50, 50, 50, 50, 50, 51, 90, 90
15, 50, 50, 50, 50, 50, 51, 90, 90
16, 50, 50, 50, 50, 50, 51, 90, 90
17, 50, 50, 50, 50, 50, 51, 90, 90
18, 50, 50, 50, 50, 50, 51, 90, 90
19, 50, 50, 50, 50, 50, 51, 90, 90
20, 50, 50, 50, 50, 50, 51, 90, 90
21, 50, 50, 50, 50, 50, 51, 90, 90
22, 50, 50, 50, 50, 50, 51, 90, 90
23, 50, 50, 50, 50, 50, 51, 90, 90
24, 50, 50, 50, 50, 50, 51, 90, 90
25, 50, 50, 50, 50, 50, 51, 90, 90
26, 50, 50, 50, 50, 50, 51, 90, 90
27, 50, 50, 50, 50, 50, 51, 90, 90
28, 50, 50, 50, 50, 50, 51, 90, 90
29, 50, 50, 50, 50, 50, 51, 90, 90
30, 50, 50, 50, 50, 50, 51, 90, 90
31, 50, 50, 50, 50, 50, 51, 90, 90
32, 50, 50, 50, 50, 50, 51, 90, 90
33, 50, 50, 50, 50, 50, 51, 90, 90
34, 50, 50, 50, 50, 50, 51, 90, 90
35, 50, 50, 50, 50, 50, 51, 90, 90
36, 50, 50, 50, 50, 50, 51, 90, 90
37, 50, 50, 50, 50, 50, 51, 90, 90
38, 50, 50, 50, 50, 50, 51, 90, 90
39, 50, 50, 50, 50, 50, 51, 90, 90
40, 50, 50, 50, 50, 50, 51, 90, 90
41, 50, 50, 50, 50, 50, 51, 90, 90
42, 50, 50, 50, 50, 50, 51, 90, 90
43, 50, 50, 50, 50, 50, 51, 90, 90
44, 50, 50, 50, 50, 50, 51, 90, 90
45, 50, 50, 50, 50, 50, 51, 90, 90
46, 50, 50, 50, 50, 50, 51, 90, 90
47, 50, 50, 50, 50, 50, 51, 90, 90
48, 50, 50, 50, 50, 50, 51, 90, 90
49, 50, 50, 50, 50, 50, 51, 90, 90
50, 50, 50, 50, 50, 50, 51, 90, 90
51, 50, 50, 50, 50, 50, 51, 90, 90
52, 50, 50, 50, 50, 50, 51, 90, 90
53, 50, 50, 50, 50, 50, 51, 90, 90
54, 50, 50, 50, 50, 50, 51, 90, 90
55, 50, 50, 50, 50, 50, 51, 90, 90
56, 50, 50, 50, 50, 50, 51, 90, 90
57, 50, 50, 50, 50, 50, 51, 90, 90
58, 50, 50, 50, 50, 50, 51, 90, 90
59, 50, 50, 50, 50, 50, 51, 90, 90
60, 50, 50, 50, 50, 50, 51, 90, 90
61, 50, 50, 50, 50, 50, 51, 90, 90
62, 50, 50, 50, 50, 50, 51, 90, 90
63, 50, 50, 50, 50, 50, 51, 90, 90
64, 50, 50, 50, 50, 50, 51, 90, 90
65, 50, 50, 50, 50, 50, 51, 90, 90
66, 50, 50, 50, 50, 50, 51, 90, 90
67, 50, 50, 50, 50, 50, 51, 90, 90
68, 50, 50, 50, 50, 50, 51, 90, 90
69, 50, 50, 50, 50, 50, 51, 90, 90
70, 50, 50, 50, 50, 50, 51, 90, 90
71, 50, 50, 50, 50, 50, 51, 90, 90
72, 50, 50, 50, 50, 50, 51, 90, 90
73, 50, 50, 50, 50, 50, 51, 90, 90
74, 50, 50, 50, 50, 50, 51, 90, 90
75, 50, 50, 50, 50, 50, 51, 90, 90
76, 50, 50, 50, 50, 50, 51, 90, 90
77, 50, 50, 50, 50, 50, 51, 90, 90
78, 50, 50, 50, 50, 50, 51, 90, 90
79, 50, 50, 50, 50, 50, 51, 90, 90
80, 50, 50, 50, 50, 50, 51, 90, 90
81, 50, 50, 50, 50, 50, 51, 90, 90
82, 50, 50, 50, 50, 50, 51, 90, 90
83, 50, 50, 50, 50, 50, 51, 90, 90
84, 50, 50, 50, 50, 50, 51, 90, 90
85, 50, 50, 50, 50, 50, 51, 90, 90
86, 50, 50, 50, 50, 50, 51, 90, 90
87, 50, 50, 50, 50, 50, 51, 90, 90
88, 50, 50, 50, 50, 50, 51, 90, 90
89, 50, 50, 50, 50, 50, 51, 90, 90
90, 50, 50, 50, 50, 50, 51, 90, 90
91, 50, 50, 50, 50, 50, 51, 90, 90
92, 50, 50, 50, 50, 50, 51, 90, 90
93, 50, 50, 50, 50, 50, 51, 90, 90
94, 50, 50, 50, 50, 50, 51, 90, 90
95, 50, 50, 50, 50, 50, 51, 90, 90
96, 50, 50, 50, 50, 50, 51, 90, 90
97, 50, 50, 50, 50, 50, 51, 90, 90
98, 50, 50, 50, 50, 50, 51, 90, 90
99, 50, 50, 50, 50, 50, 51, 90, 90
100, 50, 50, 50, 50, 50, 51, 90, 90
101, 50, 50, 50, 50, 50, 51, 90, 90
102, 50, 50, 50, 50, 50, 51, 90, 90
103, 50, 50, 50, 50, 50, 51, 90, 90
104, 50, 50, 50, 50, 50, 51, 90, 90
105, 50, 50, 50, 50, 50, 51, 90, 90
106, 50, 50, 50, 50, 50, 51, 90, 90
107, 50, 50, 50, 50, 50, 51, 90, 90
108, 50, 50, 50, 50, 50, 51, 90, 90
109, 50, 50, 50, 50, 50, 51, 90, 90
110, 50, 50, 50, 50, 50, 51, 90, 90
111, 50, 50, 50, 50, 50, 51, 90, 90
112, 50, 50, 50, 50, 50, 51, 90, 90
113, 50, 50, 50, 50, 50, 51, 90, 90
114, 50, 50, 50, 50, 50, 51, 90, 90
115, 50, 50, 50, 50, 50, 51, 90, 90
116, 50, 50, 50, 50, 50, 51, 90, 90
117, 50, 50, 50, 50, 50, 51, 90, 90
118, 50, 50, 50, 50, 50, 51, 90, 90
119, 50, 50, 50, 50, 50, 51, 90, 90
120, 50, 50, 50, 50, 50, 51, 90, 90
121, 50, 50, 50, 50, 50, 51, 90, 90
122, 50, 50, 50, 50, 50, 51, 90, 90
123, 50, 50, 50, 50, 50, 51, 90, 90
124, 50, 50, 50, 50, 50, 51, 90, 90
125, 50, 50, 50, 50, 50, 51, 90, 90
126, 50, 50, 50, 50, 50, 51, 90, 90
127, 50, 50, 50, 50, 50, 51, 90, 90
128, 50, 50, 50, 50, 50, 51, 90, 90
129, 50, 50, 50, 50, 50, 51, 90, 90
130, 50, 50, 50, 50, 50, 51, 90, 90
131, 50, 50, 50, 50, 50, 51, 90, 90
132, 50, 50, 50, 50, 50, 51, 90, 90
133, 50, 50, 50, 50, 50, 51, 90, 90
134, 50, 50, 50, 50, 50, 51, 90, 90
135, 50, 50, 50, 50, 50, 51, 90, 90
136, 50, 50, 50, 50, 50, 51, 90, 90
137, 50, 50, 50, 50, 50, 51, 90, 90
138, 50, 50, 50, 50, 50, 51, 90, 90
139, 50, 50, 50, 50, 50, 51, 90, 90
140, 50, 50, 50, 50, 50, 51, 90, 90
141, 50, 50, 50, 50, 50, 51, 90, 90
142, 50, 50, 50, 50, 50, 51, 90, 90
143, 50, 50, 50, 50, 50, 51, 90, 90
144, 50, 50, 50, 50, 50, 51, 90, 90
145, 50, 50, 50, 50, 50, 51, 90, 90
146, 50, 50, 50, 50, 50, 51, 90, 90
147, 50, 50, 50, 50, 50, 51, 90, 90
148, 50, 50, 50, 50, 50, 51, 90, 90
149, 50, 50, 50, 50, 50, 51, 90, 90
150, 50, 50, 50, 50, 50, 51, 90, 90
151, 50, 50, 50, 50, 50, 51, 90, 90
152, 50, 50, 50, 50, 50, 51, 90, 90
153, 50, 50, 50, 50, 50, 51, 90, 90
154, 50, 50, 50, 50, 50, 51, 90, 90
155, 50, 50, 50, 50, 50, 51, 90, 90
156, 50, 50, 50, 50, 50, 51, 90, 90
157, 50, 50, 50, 50, 50, 51, 90, 90
158, 50, 50, 50, 50, 50, 51, 90, 90
159, 50, 50, 50, 50, 50, 51, 90, 90
160, 50, 50, 50, 50, 50, 51, 90, 90
161, 50, 50, 50, 50, 50, 51, 90, 90
162, 50, 50, 50, 50, 50, 51, 90, 90
163, 50, 50, 50, 50, 50, 51, 90, 90
164, 50, 50, 50, 50, 50, 51, 90, 90
165, 50, 50, 50, 50, 50, 51, 90, 90
166, 50, 50, 50, 50, 50, 51, 90, 90
167, 50, 50, 50, 50, 50, 51, 90, 90
168, 50, 50, 50, 50, 50, 51, 90, 90
169, 50, 50, 50, 50, 50, 51, 90, 90
170, 50, 50, 50, 50, 50, 51, 90, 90
171, 50, 50, 50, 50, 50, 51, 90, 90
172, 50, 50, 50, 50, 50, 51, 90, 90
173, 50, 50, 50, 50, 50, 51, 90, 90
174, 50, 50, 50, 50, 50, 51, 90, 90
175, 50, 50, 50, 50, 50, 51, 90, 90
176, 50, 50, 50, 50, 50, 51, 90, 90
177, 50, 50, 50, 50, 50, 51, 90, 90
178, 50, 50, 50, 50, 50, 51, 90, 90
179, 50, 50, 50, 50, 50, 51, 90, 90
180, 50, 50, 50, 50, 50, 51, 90, 90
181, 50, 50, 50, 50, 50, 51, 90, 90
182, 50, 50, 50, 50, 50, 51, 90, 90
183, 50, 50, 50, 50, 50, 51, 90, 90
184, 50, 50, 50, 50, 50, 51, 90, 90
185, 50, 50, 50, 50, 50, 51, 90, 90
186, 50, 50, 50, 50, 50, 51, 90, 90
187, 50, 50, 50, 50, 50, 51, 90, 90
188, 50, 50, 50, 50, 50, 51, 90, 90
189, 50, 50, 50, 50, 50, 51, 90, 90
190, 50, 50, 50, 50, 50, 51, 90, 90
191, 50, 50, 50, 50, 50, 51, 90, 90
192, 50, 50, 50, 50, 50, 51, 90, 90
193, 50, 50, 50, 50, 50, 51, 90, 90
194, 50, 50, 50, 50, 50, 51, 90, 90
195, 50, 50, 50, 50, 50, 51, 90, 90
196, 50, 50, 50, 50, 50, 51, 90, 90
197, 50, 50, 50, 50, 50, 51, 90, 90
198, 50, 50, 50, 50, 50, 51, 90, 90
199, 50, 50, 50, 50, 50, 51, 90, 90
200, 50, 50, 50, 50, 50, 51, 90, 90
201, 50, 50, 50, 50, 50, 51, 90, 90
202, 50, 50, 50, 50, 50, 51, 90, 90
203, 50, 50, 50, 50, 50, 51, 90, 90
204, 50, 50, 50, 50, 50, 51, 90, 90
205, 50, 50, 50, 50, 50, 51, 90, 90
206, 50, 50, 50, 50, 50, 51, 90, 90
207, 50, 50, 50, 50, 50, 51, 90, 90
208, 50, 50, 50, 50, 50, 51, 90, 90
209, 50, 50, 50, 50, 50, 51, 90, 90
210, 50, 50, 50, 50, 50, 51, 90, 90
211, 50, 50, 50, 50, 50, 51, 90, 90
212, 50, 50, 50, 50, 50, 51, 90, 90
213, 50, 50, 50, 50, 50, 51, 90, 90
214, 50, 50, 50, 50, 50, 51, 90, 90
215, 50, 50, 50, 50, 50, 51, 90, 90
216, 50, 50, 50, 50, 50, 51, 90, 90
217, 50, 50, 50, 50, 50, 51, 90, 90
218, 50, 50, 50, 50, 50, 51, 90, 90
219, 50, 50, 50, 50, 50, 51, 90, 90
220, 50, 50, 50, 50, 50, 51, 90, 90
221, 50, 50, 50, 50, 50, 51, 90, 90
222, 50, 50, 50, 50, 50, 51, 90, 90
223, 50, 50, 50, 50, 50, 51, 90, 90
224, 50, 50, 50, 50, 50, 51, 90, 90
225, 50, 50, 50, 50, 50, 51, 90, 90
226, 50, 50, 50, 50, 50, 51, 90, 90
227, 50, 50, 50, 50, 50, 51, 90, 90
228, 50, 50, 50, 50, 50, 51, 90, 90
229, 50, 50, 50, 50, 50, 51, 90, 90
230, 50, 50, 50, 50, 50, 51, 90, 90
231, 50, 50, 50, 50, 50, 51, 90, 90
232, 50, 50, 50, 50, 50, 51, 90, 90
233, 50, 50, 50, 50, 50, 51, 90, 90
234, 50, 50, 50, 50, 50, 51, 90, 90
235, 50, 50, 50, 50, 50, 51, 90, 90
236, 50, 50, 50, 50, 50, 51, 90, 90
237, 50, 50, 50, 50, 50, 51, 90, 90
238, 50, 50, 50, 50, 50, 51, 90, 90
239, 50, 50, 50, 50, 50, 51, 90, 90
240, 50, 50, 50, 50, 50, 51, 90, 90
241, 50, 50, 50, 50, 50, 51, 90, 90
242, 50, 50, 50, 50, 50, 51, 90, 90
243, 50, 50, 50, 50, 50, 51, 90, 90
244, 50, 50, 50, 50, 50, 51, 90, 90
245, 50, 50, 50, 50, 50, 51, 90, 90
246, 50, 50, 50, 50, 50, 51, 90, 90
247, 50, 50, 50, 50, 50, 51, 90, 90
248, 50, 50, 50, 50, 50, 51, 90, 90
249, 50, 50, 50, 50, 50, 51, 90, 90
250, 50, 50, 50, 50, 50, 51, 90, 90
251, 50, 50, 50, 50, 50, 51, 90, 90
252, 50, 50, 50, 50, 50, 51, 90, 90
253, 50, 50, 50, 50, 50, 51, 90, 90
254, 50, 50, 50, 50, 50, 51, 90, 90
255, 50, 50, 50, 50, 50, 51, 90, 90
256, 50, 50, 50, 50, 50, 51, 90, 90
257, 50, 50, 50, 50, 50, 51, 90, 90
258, 50, 50, 50, 50, 50, 51, 90, 90
259, 50, 50, 50, 50, 50, 51, 90, 90
260, 50, 50, 50, 50, 50, 51, 90, 90
261, 50, 50, 50, 50, 50, 51, 90, 90
262, 50, 50, 50, 50, 50, 51, 90, 90
263, 50, 50, 50, 50, 50, 51, 90, 90
264, 50, 50, 50, 50, 50, 51, 90, 90
265, 50, 50, 50, 50, 50, 51, 90, 90
266, 50, 50, 50, 50, 50, 51, 90, 90
267, 50, 50, 50, 50, 50, 51, 90, 90
268, 50, 50, 50, 50, 50, 51, 90, 90
269, 50, 50, 50, 50, 50, 51, 90, 90
270, 50, 50, 50, 50, 50, 51, 90, 90
271, 50, 50, 50, 50, 50, 51, 90, 90
272, 50, 50, 50, 50, 50, 51, 90, 90
273, 50, 50, 50, 50, 50, 51, 90, 90
274, 50, 50, 50, 50, 50, 51, 90, 90
275, 50, 50, 50, 50, 50, 51, 90, 90
276, 50, 50, 50, 50, 50, 51, 90, 90
277, 50, 50, 50, 50, 50, 51, 90, 90
278, 50, 50, 50, 50, 50, 51, 90, 90
279, 50, 50, 50, 50, 50, 51, 90, 90
280, 50, 50, 50, 50, 50, 51, 90, 90
281, 50, 50, 50, 50, 50, 51, 90, 90
282, 50, 50, 50, 50, 50, 51, 90, 90
283, 50, 50, 50, 50, 50, 51, 90, 90
284, 50, 50, 50, 50, 50, 51, 90, 90
285, 50, 50, 50, 50, 50, 51, 90, 90
286, 50, 50, 50, 50, 50, 51, 90, 90
287, 50, 50, 50, 50, 50, 51, 90, 90
288, 50, 50, 50, 50, 50, 51, 90, 90
289, 50, 50, 50, 50, 50, 51, 90, 90
290, 50, 50, 50, 50, 50, 51, 90, 90
291, 50, 50, 50, 50, 50, 51, 90, 90
292, 50, 50, 50, 50, 50, 51, 90, 90
293, 50, 50, 50, 50, 50, 51, 90, 90
294, 50, 50, 50, 50, 50, 51, 90, 90
295, 50, 50, 50, 50, 50, 51, 90, 90
296, 50, 50, 50, 50, 50, 51, 90, 90
297, 50, 50, 50, 50, 50, 51, 90, 90
298, 50, 50, 50, 50, 50, 51, 90, 90
299, 50, 50, 50, 50, 50, 51, 90, 90
300, 50, 50, 50, 50, 50, 51, 90, 90
301, 50, 50, 50, 50, 50, 51, 90, 90
302, 50, 50, 50, 50, 50, 51, 90, 90
303, 50, 50, 50, 50, 50, 51, 90, 90
304, 50, 50, 50, 50, 50, 51, 90, 90
305, 50, 50, 50, 50, 50, 51, 90, 90
306, 50, 50, 50, 50, 50, 51, 90, 90
307, 50, 50, 50, 50, 50, 51, 90, 90
308, 50, 50, 50, 50, 50, 51, 90, 90
309, 50, 50, 50, 50, 50, 51, 90, 90
310, 50, 50, 50, 50, 50, 51, 90, 90
311, 50, 50, 50, 50, 50, 51, 90, 90
312, 50, 50, 50, 50, 50, 51, 90, 90
313, 50, 50, 50, 50, 50, 51, 90, 90
314, 50, 50, 50, 50, 50, 51, 90, 90
315, 50, 50, 50, 50, 50, 51, 90, 90
316, 50, 50, 50, 50, 50, 51, 90, 90
317, 50, 50, 50, 50, 50, 51, 90, 90
318, 50, 50, 50, 50, 50, 51, 90, 90
319, 50, 50, 50, 50, 50, 51, 90, 90
320, 50, 50, 50, 50, 50, 51, 90, 90
321, 50, 50, 50, 50, 50, 51, 90, 90
322, 50, 50, 50, 50, 50, 51, 90, 90
323, 50, 50, 50, 50, 50, 51, 90, 90
324, 50, 50, 50, 50, 50, 51, 90, 90
325, 50, 50, 50, 50, 50, 51, 90, 90
326, 50, 50, 50, 50, 50, 51, 90, 90
327, 50, 50, 50, 50, 50, 51, 90, 90
328, 50, 50, 50, 50, 50, 51, 90, 90
329, 50, 50, 50, 50, 50, 51, 90, 90
330, 50, 50, 50, 50, 50, 51, 90, 90
331, 50, 50, 50, 50, 50, 51, 90, 90
332, 50, 50, 50, 50, 50, 51, 90, 90
333, 50, 50, 50, 50, 50, 51, 90, 90
334, 50, 50, 50, 50, 50, 51, 90, 90
335, 50, 50, 50, 50, 50, 51, 90, 90
336, 50, 50, 50, 50, 50, 51, 90, 90
337, 50, 50, 50, 50, 50, 51, 90, 90
338, 50, 50, 50, 50, 50, 51, 90, 90
339, 50, 50, 50, 50, 50, 51, 90, 90
340, 50, 50, 50, 50, 50, 51, 90, 90
341, 50, 50, 50, 50, 50, 51, 90, 90
342, 50, 50, 50, 50, 50, 51, 90, 90
343, 50, 50, 50, 50, 50, 51, 90, 90
344, 50, 50, 50, 50, 50, 51, 90, 90
345, 50, 50, 50, 50, 50, 51, 90, 90
346, 50, 50, 50, 50, 50, 51, 90, 90
347, 50, 50, 50, 50, 50, 51, 90, 90
348, 50, 50, 50, 50, 50, 51, 90, 90
349, 50, 50, 50, 50, 50, 51, 90, 90
350, 50, 50, 50, 50, 50, 51, 90, 90
351, 50, 50, 50, 50, 50, 51, 90, 90
352, 50, 50, 50, 50, 50, 51, 90, 90
353, 50, 50, 50, 50, 50, 51, 90, 90
354, 50, 50, 50, 50, 50, 51, 90, 90
355, 50, 50, 50, 50, 50, 51, 90, 90
356, 50, 50, 50, 50, 50, 51, 90, 90
357, 50, 50, 50, 50, 50, 51, 90, 90
358, 50, 50, 50, 50, 50, 51, 90, 90
359, 50, 50, 50, 50, 50, 51, 90, 90
360, 50, 50, 50, 50, 50, 51, 90, 90
361, 50, 50, 50, 50, 50, 51, 90, 90
362, 50, 50, 50, 50, 50, 51, 90, 90
363, 50, 50, 50, 50, 50, 51, 90, 90
364, 50, 50, 50, 50, 50, 51, 90, 90
365, 50, 50, 50, 50, 50, 51, 90, 90
366, 50, 50, 50, 50, 50, 51, 90, 90
367, 50, 50, 50, 50, 50, 51, 90, 90
368, 50, 50, 50, 50, 50, 51, 90, 90
369, 50, 50, 50, 50, 50, 51, 90, 90
370, 50, 50, 50, 50, 50, 51, 90, 90
371, 50, 50, 50, 50, 50, 51, 90, 90
372, 50, 50, 50, 50, 50, 51, 90, 90
373, 50, 50, 50, 50, 50, 51, 90, 90
374, 50, 50, 50, 50, 50, 51, 90, 90
375, 50, 50, 50, 50, 50, 51, 90, 90
376, 50, 50, 50, 50, 50, 51, 90, 90
377, 50, 50, 50, 50, 50, 51, 90, 90
378, 50, 50, 50, 50, 50, 51, 90, 90
379, 50, 50, 50, 50, 50, 51, 90, 90
380, 50, 50, 50, 50, 50, 51, 90, 90
381, 50, 50, 50, 50, 50, 51, 90, 90
382, 50, 50, 50, 50, 50, 51, 90, 90
383, 50, 50, 50, 50, 50, 51, 90, 90
384, 50, 50, 50, 50, 50, 51, 90, 90
385, 50, 50, 50, 50, 50, 51, 90, 90
386, 50, 50, 50, 50, 50, 51, 90, 90
387, 50, 50, 50, 50, 50, 51, 90, 90
388, 50, 50, 50, 50, 50, 51, 90, 90
389, 50, 50, 50, 50, 50, 51, 90, 90
390, 50, 50, 50, 50, 50, 51, 90, 90
391, 50, 50, 50, 50, 50, 51, 90, 90
392, 50, 50, 50, 50, 50, 51, 90, 90
393, 50, 50, 50, 50, 50, 51, 90, 90
394, 50, 50, 50, 50, 50, 51, 90, 90
395, 50, 50, 50, 50, 50, 51, 90, 90
396, 50, 50, 50, 50, 50, 51, 90, 90
397, 50, 50, 50, 50, 50, 51, 90, 90
398, 50, 50, 50, 50, 50, 51, 90, 90
399, 50, 50, 50, 50, 50, 51, 90, 90
400, 50, 50, 50, 50, 50, 51, 90, 90
401, 50, 50, 50, 50, 50, 51, 90, 90
402, 50, 50, 50, 50, 50, 51, 90, 90
403, 50, 50, 50, 50, 50, 51, 90, 90
404, 50, 50, 50, 50, 50, 51, 90, 90
405, 50, 50, 50, 50, 50, 51, 90, 90
406, 50, 50, 50, 50, 50, 51, 90, 90
407, 50, 50, 50, 50, 50, 51, 90, 90
408, 50, 50, 50, 50, 50, 51, 90, 90
409, 50, 50, 50, 50, 50, 51, 90, 90
410, 50, 50, 50, 50, 50, 51, 90, 90
411, 50, 50, 50, 50, 50, 51, 90, 90
412, 50, 50, 50, 50, 50, 51, 90, 90
413, 50, 50, 50, 50, 50, 51, 90, 90
414, 50, 50, 50, 50, 50, 51, 90, 90
415, 50, 50, 50, 50, 50, 51, 90, 90
416, 50, 50, 50, 50, 50, 51, 90, 90
417, 50, 50, 50, 50, 50, 51, 90, 90
418, 50, 50, 50, 50, 50, 51, 90, 90
419, 50, 50, 50, 50, 50, 51, 90, 90
420, 50, 50, 50, 50, 50, 51, 90, 90
421, 50, 50, 50, 50, 50, 51, 90, 90
422, 50, 50, 50, 50, 50, 51, 90, 90
423, 50, 50, 50, 50, 50, 51, 90, 90
424, 50, 50, 50, 50, 50, 51, 90, 90
425, 50, 50, 50, 50, 50, 51, 90, 90
426, 50, 50, 50, 50, 50, 51, 90, 90
427, 50, 50, 50, 50, 50, 51, 90, 90
428, 50, 50, 50, 50, 50, 51, 90, 90
429, 50, 50, 50, 50, 50, 51, 90, 90
430, 50, 50, 50, 50, 50, 51, 90, 90
431, 50, 50, 50, 50, 50, 51, 90, 90
432, 50, 50, 50, 50, 50, 51, 90, 90
433, 50, 50, 50, 50, 50, 51, 90, 90
434, 50, 50, 50, 50, 50, 51, 90, 90
435, 50, 50, 50, 50, 50, 51, 90, 90
436, 50, 50, 50, 50, 50, 51, 90, 90
437, 50, 50, 50, 50, 50, 51, 90, 90
438, 50, 50, 50, 50, 50, 51, 90, 90
439, 50, 50, 50, 50, 50, 51, 90, 90
440, 50, 50, 50, 50, 50, 51, 90, 90
441, 50, 50, 50, 50, 50, 51, 90, 90
442, 50, 50, 50, 50, 50, 51, 90, 90
443, 50, 50, 50, 50, 50, 51, 90, 90
444, 50, 50, 50, 50, 50, 51, 90, 90
445, 50, 50, 50, 50, 50, 51, 90, 90
446, 50, 50, 50, 50, 50, 51, 90, 90
447, 50, 50, 50, 50, 50, 51, 90, 90
448, 50, 50, 50, 50, 50, 51, 90, 90
449, 50, 50, 50, 50, 50, 51, 90, 90
450, 50, 50, 50, 50, 50, 51, 90, 90
451, 50, 50, 50, 50, 50, 51, 90, 90
452, 50, 50, 50, 50, 50, 51, 90, 90
453, 50, 50, 50, 50, 50, 51, 90, 90
454, 50, 50, 50, 50, 50, 51, 90, 90
455, 50, 50, 50, 50, 50, 51, 90, 90
456, 50, 50, 50, 50, 50, 51, 90, 90
457, 50, 50, 50, 50, 50, 51, 90, 90
458, 50, 50, 50, 50, 50, 51, 90, 90
459, 50, 50, 50, 50, 50, 51, 90, 90
460, 50, 50, 50, 50, 50, 51, 90, 90
461, 50, 50, 50, 50, 50, 51, 90, 90
462, 50, 50, 50, 50, 50, 51, 90, 90
463, 50, 50, 50, 50, 50, 51, 90, 90
464, 50, 50, 50, 50, 50, 51, 90, 90
465, 50, 50, 50, 50, 50, 51, 90, 90
466, 50, 50, 50, 50, 50, 51, 90, 90
467, 50, 50, 50, 50, 50, 51, 90, 90
468, 50, 50, 50, 50, 50, 51, 90, 90
469, 50, 50, 50, 50, 50, 51, 90, 90
470, 50, 50, 50, 50, 50, 51, 90, 90
471, 50, 50, 50, 50, 50, 51, 90, 90
472, 50, 50, 50, 50, 50, 51, 90, 90
473, 50, 50, 50, 50, 50, 51, 90, 90
474, 50, 50, 50, 50, 50, 51, 90, 90
475, 50, 50, 50, 50, 50, 51, 90, 90
476, 50, 50, 50, 50, 50, 51, 90, 90
477, 50, 50, 50, 50, 50, 51, 90, 90
478, 50, 50, 50, 50, 50, 51, 90, 90
479, 50, 50, 50, 50, 50, 51, 90, 90
480, 50, 50, 50, 50, 50, 51, 90, 90
481, 50, 50, 50, 50, 50, 51, 90, 90
482, 50, 50, 50, 50, 50, 51, 90, 90
483, 50, 50, 50, 50, 50, 51, 90, 90
484, 50, 50, 50, 50, 50, 51, 90, 90
485, 50, 50, 50, 50, 50, 51, 90, 90
486, 50, 50, 50, 50, 50, 51, 90, 90
487, 50, 50, 50, 50, 50, 51, 90, 90
488, 50, 50, 50, 50, 50, 51, 90, 90
489, 50, 50, 50, 50, 50, 51, 90, 90
490, 50, 50, 50, 50, 50, 51, 90, 90
491, 50, 50, 50, 50, 50, 51, 90, 90
492, 50, 50, 50, 50, 50, 51, 90, 90
493, 50, 50, 50, 50, 50, 51, 90, 90
494, 50, 50, 50, 50, 50, 51, 90, 90
495, 50, 50, 50, 50, 50, 51, 90, 90
496, 50, 50, 50, 50, 50, 51, 90, 90
497, 50, 50, 50, 50, 50, 51, 90, 90
498, 50, 50, 50, 50, 50, 51, 90, 90
499, 50, 50, 50, 50, 50, 51, 90, 90
500, 50, 50, 50, 50, 50, 51, 90, 90
501, 50, 50, 50, 50, 50, 51, 90, 90
502, 50, 50, 50, 50, 50, 51, 90, 90
503, 50, 50, 50, 50, 50, 51, 90, 90
504, 50, 50, 50, 50, 50, 51, 90, 90
505, 50, 50, 50, 50, 50, 51, 90, 90
506, 50, 50, 50, 50, 50, 51, 90, 90
507, 50, 50, 50, 50, 50, 51, 90, 90
508, 50, 50, 50, 50, 50, 51, 90, 90
509, 50, 50, 50, 50, 50, 51, 90, 90
510, 50, 50, 50, 50, 50, 51, 90, 90
511, 50, 50, 50, 50, 50, 51, 90, 90
512, 50, 50, 50, 50, 50, 51, 90, 90
513, 50, 50, 50, 50, 50, 51, 90, 90
514, 50, 50, 50, 50, 50, 51, 90, 90
515, 50, 50, 50, 50, 50, 51, 90, 90
516, 50, 50, 50, 50, 50, 51, 90, 90
517, 50, 50, 50, 50, 50, 51, 90, 90
518, 50, 50, 50, 50, 50, 51, 90, 90
519, 50, 50, 50, 50, 50, 51, 90, 90
520, 50, 50, 50, 50, 50, 51, 90, 90
521, 50, 50, 50, 50, 50, 51, 90, 90
522, 50, 50, 50, 50, 50, 51, 90, 90
523, 50, 50, 50, 50, 50, 51, 90, 90
524, 50, 50, 50, 50, 50, 51, 90, 90
525, 50, 50, 50, 50, 50, 51, 90, 90
526, 50, 50, 50, 50, 50, 51, 90, 90
527, 50, 50, 50, 50, 50, 51, 90, 90
528, 50, 50, 50, 50, 50, 51, 90, 90
529, 50, 50, 50, 50, 50, 51, 90, 90
530, 50, 50, 50, 50, 50, 51, 90, 90
531, 50, 50, 50, 50, 50, 51, 90, 90
532, 50, 50, 50, 50, 50, 51, 90, 90
533, 50, 50, 50, 50, 50, 51, 90, 90
534, 50, 50, 50, 50, 50, 51, 90, 90
535, 50, 50, 50, 50, 50, 51, 90, 90
536, 50, 50, 50, 50, 50, 51, 90, 90
537, 50, 50, 50, 50, 50, 51, 90, 90
538, 50, 50, 50, 50, 50, 51, 90, 90
539, 50, 50, 50, 50, 50, 51, 90, 90
540, 50, 50, 50, 50, 50, 51, 90, 90
541, 50, 50, 50, 50, 50, 51, 90, 90
542, 50, 50, 50, 50, 50, 51, 90, 90
543, 50, 50, 50, 50, 50, 51, 90, 90
544, 50, 50, 50, 50, 50, 51, 90, 90
545, 50, 50, 50, 50, 50, 51, 90, 90
546, 50, 50, 50, 50, 50, 51, 90, 90
547, 50, 50, 50, 50, 50, 51, 90, 90
548, 50, 50, 50, 50, 50, 51, 90, 90
549, 50, 50, 50, 50, 50, 51, 90, 90
550, 50, 50, 50, 50, 50, 51, 90, 90
551, 50, 50, 50, 50, 50, 51, 90, 90
552, 50, 50, 50, 50, 50, 51, 90, 90
553, 50, 50, 50, 50, 50, 51, 90, 90
554, 50, 50, 50, 50, 50, 51, 90, 90
555, 50, 50, 50, 50, 50, 51, 90, 90
556, 50, 50, 50, 50, 50, 51, 90, 90
557, 50, 50, 50, 50, 50, 51, 90, 90
558, 50, 50, 50, 50, 50, 51, 90, 90
559, 50, 50, 50, 50, 50, 51, 90, 90
560, 50, 50, 50, 50, 50, 51, 90, 90
561, 50, 50, 50, 50, 50, 51, 90, 90
562, 50, 50, 50, 50, 50, 51, 90, 90
563, 50, 50, 50, 50, 50, 51, 90, 90
564, 50, 50, 50, 50, 50, 51, 90, 90
565, 50, 50, 50, 50, 50, 51, 90, 90
566, 50, 50, 50, 50, 50, 51, 90, 90
567, 50, 50, 50, 50, 50, 51, 90, 90
568, 50, 50, 50, 50, 50, 51, 90, 90
569, 50, 50, 50, 50, 50, 51, 90, 90
570, 50, 50, 50, 50, 50, 51, 90, 90
571, 50, 50, 50, 50, 50, 51, 90, 90
572, 50, 50, 50, 50, 50, 51, 90, 90
573, 50, 50, 50, 50, 50, 51, 90, 90
574, 50, 50, 50, 50, 50, 51, 90, 90
575, 50, 50, 50, 50, 50, 51, 90, 90
576, 50, 50, 50, 50, 50, 51, 90, 90
577, 50, 50, 50, 50, 50, 51, 90, 90
578, 50, 50, 50, 50, 50, 51, 90, 90
579, 50, 50, 50, 50, 50, 51, 90, 90
580, 50, 50, 50, 50, 50, 51, 90, 90
581, 50, 50, 50, 50, 50, 51, 90, 90
582, 50, 50, 50, 50, 50, 51, 90, 90
583, 50, 50, 50, 50, 50, 51, 90, 90
584, 50, 50, 50, 50, 50, 51, 90, 90
585, 50, 50, 50, 50, 50, 51, 90, 90
586, 50, 50, 50, 50, 50, 51, 90, 90
587, 50, 50, 50, 50, 50, 51, 90, 90
588, 50, 50, 50, 50, 50, 51, 90, 90
589, 50, 50, 50, 50, 50, 51, 90, 90
590, 50, 50, 50, 50, 50, 51, 90, 90
591, 50, 50, 50, 50, 50, 51, 90, 90
592, 50, 50, 50, 50, 50, 51, 90, 90
593, 50, 50, 50, 50, 50, 51, 90, 90
594, 50, 50, 50, 50, 50, 51, 90, 90
595, 50, 50, 50, 50, 50, 51, 90, 90
596, 50, 50, 50, 50, 50, 51, 90, 90
597, 50, 50, 50, 50, 50, 51, 90, 90
598, 50, 50, 50, 50, 50, 51, 90, 90
599, 50, 50, 50, 50, 50, 51, 90, 90
600, 50, 50, 50, 50, 50, 51, 90, 90
601, 50, 50, 50, 50, 50, 51, 90, 90
602, 50, 50, 50, 50, 50, 51, 90, 90
603, 50, 50, 50, 50, 50, 51, 90, 90
604, 50, 50, 50, 50, 50, 51, 90, 90
605, 50, 50, 50, 50, 50, 51, 90, 90
606, 50, 50, 50, 50, 50, 51, 90, 90
607, 50, 50, 50, 50, 50, 51, 90, 90
608, 50, 50, 50, 50, 50, 51, 90, 90
609, 50, 50, 50, 50, 50, 51, 90, 90
610, 50, 50, 50, 50, 50, 51, 90, 90
611, 50, 50, 50, 50, 50, 51, 90, 90
612, 50, 50, 50, 50, 50, 51, 90, 90
613, 50, 50, 50, 50, 50, 51, 90, 90
614, 50, 50, 50, 50, 50, 51, 90, 90
615, 50, 50, 50, 50, 50, 51, 90, 90
616, 50, 50, 50, 50, 50, 51, 90, 90
617, 50, 50, 50, 50, 50, 51, 90, 90
618, 50, 50, 50, 50, 50, 51, 90, 90
619, 50, 50, 50, 50, 50, 51, 90, 90
620, 50, 50, 50, 50, 50, 51, 90, 90
621, 50, 50, 50, 50, 50, 51, 90, 90
622, 50, 50, 50, 50, 50, 51, 90, 90
623, 50, 50, 50, 50, 50, 51, 90, 90
624, 50, 50, 50, 50, 50, 51, 90, 90
625, 50, 50, 50, 50, 50, 51, 90, 90
626, 50, 50, 50, 50, 50, 51, 90, 90
627, 50, 50, 50, 50, 50, 51, 90, 90
628, 50, 50, 50, 50, 50, 51, 90, 90
629, 50, 50, 50, 50, 50, 51, 90, 90
630, 50, 50, 50, 50, 50, 51, 90, 90
631, 50, 50, 50, 50, 50, 51, 90, 90
632, 50, 50, 50, 50, 50, 51, 90, 90
633, 50, 50, 50, 50, 50, 51, 90, 90
634, 50, 50, 50, 50, 50, 51, 90, 90
635, 50, 50, 50, 50, 50, 51, 90, 90
636, 50, 50, 50, 50, 50, 51, 90, 90
637, 50, 50, 50, 50, 50, 51, 90, 90
638, 50, 50, 50, 50, 50, 51, 90, 90
639, 50, 50, 50, 50, 50, 51, 90, 90
640, 50, 50, 50, 50, 50, 51, 90, 90
641, 50, 50, 50, 50, 50, 51, 90, 90
642, 50, 50, 50, 50, 50, 51, 90, 90
643, 50, 50, 50, 50, 50, 51, 90, 90
644, 50, 50, 50, 50, 50, 51, 90, 90
645, 50, 50, 50, 50, 50, 51, 90, 90
646, 50, 50, 50, 50, 50, 51, 90, 90
647, 50, 50, 50, 50, 50, 51, 90, 90
648, 50, 50, 50, 50, 50, 51, 90, 90
649, 50, 50, 50, 50, 50, 51, 90, 90
650, 50, 50, 50, 50, 50, 51, 90, 90
651, 50, 50, 50, 50, 50, 51, 90, 90
652, 50, 50, 50, 50, 50, 51, 90, 90
653, 50, 50, 50, 50, 50, 51, 90, 90
654, 50, 50, 50, 50, 50, 51, 90, 90
655, 50, 50, 50, 50, 50, 51, 90, 90
656, 50, 50, 50, 50, 50, 51, 90, 90
657, 50, 50, 50, 50, 50, 51, 90, 90
658, 50, 50, 50, 50, 50, 51, 90, 90
659, 50, 50, 50, 50, 50, 51, 90, 90
660, 50, 50, 50, 50, 50, 51, 90, 90
661, 50, 50, 50, 50, 50, 51, 90, 90
662, 50, 50, 50, 50, 50, 51, 90, 90
663, 50, 50, 50, 50, 50, 51, 90, 90
664, 50, 50, 50, 50, 50, 51, 90, 90
665, 50, 50, 50, 50, 50, 51, 90, 90
666, 50, 50, 50, 50, 50, 51, 90, 90
667, 50, 50, 50, 50, 50, 51, 90, 90
668, 50, 50, 50, 50, 50, 51, 90, 90
669, 50, 50, 50, 50, 50, 51, 90, 90
670, 50, 50, 50, 50, 50, 51, 90, 90
671, 50, 50, 50, 50, 50, 51, 90, 90
672, 50, 50, 50, 50, 50, 51, 90, 90
673, 50, 50, 50, 50, 50, 51, 90, 90
674, 50, 50, 50, 50, 50, 51, 90, 90
675, 50, 50, 50, 50, 50, 51, 90, 90
676, 50, 50, 50, 50, 50, 51, 90, 90
677, 50, 50, 50, 50, 50, 51, 90, 90
678, 50, 50, 50, 50, 50, 51, 90, 90
679, 50, 50, 50, 50, 50, 51, 90, 90
680, 50, 50, 50, 50, 50, 51, 90, 90
681, 50, 50, 50, 50, 50, 51, 90, 90
682, 50, 50, 50, 50, 50, 51, 90, 90
683, 50, 50, 50, 50, 50, 51, 90, 90
684, 50, 50, 50, 50, 50, 51, 90, 90
685, 50, 50, 50, 50, 50, 51, 90, 90
686, 50, 50, 50, 50, 50, 51, 90, 90
687, 50, 50, 50, 50, 50, 51, 90, 90
688, 50, 50, 50, 50, 50, 51, 90, 90
689, 50, 50, 50, 50, 50, 51, 90, 90
690, 50, 50, 50, 50, 50, 51, 90, 90
691, 50, 50, 50, 50, 50, 51, 90, 90
692, 50, 50, 50, 50, 50, 51, 90, 90
693, 50, 50, 50, 50, 50, 51, 90, 90
694, 50, 50, 50, 50, 50, 51, 90, 90
695, 50, 50, 50, 50, 50, 51, 90, 90
696, 50, 50, 50, 50, 50, 51, 90, 90
697, 50, 50, 50, 50, 50, 51, 90, 90
698, 50, 50, 50, 50, 50, 51, 90, 90
699, 50, 50, 50, 50, 50, 51, 90, 90
700, 50, 50, 50, 50, 50, 51, 90, 90
701, 50, 50, 50, 50, 50, 51, 90, 90
702, 50, 50, 50, 50, 50, 51, 90, 90
703, 50, 50, 50, 50, 50, 51, 90, 90
704, 50, 50, 50, 50, 50, 51, 90, 90
705, 50, 50, 50, 50, 50, 51, 90, 90
706, 50, 50, 50, 50, 50, 51, 90, 90
707, 50, 50, 50, 50, 50, 51, 90, 90
708, 50, 50, 50, 50, 50, 51, 90, 90
709, 50, 50, 50, 50, 50, 51, 90, 90
710, 50, 50, 50, 50, 50, 51, 90, 90
711, 50, 50, 50, 50, 50, 51, 90, 90
712, 50, 50, 50, 50, 50, 51, 90, 90
713, 50, 50, 50, 50, 50, 51, 90, 90
714, 50, 50, 50, 50, 50, 51, 90, 90
715, 50, 50, 50, 50, 50, 51, 90, 90
716, 50, 50, 50, 50, 50, 51, 90, 90
717, 50, 50, 50, 50, 50, 51, 90, 90
718, 50, 50, 50, 50, 50, 51, 90, 90
719, 50, 50, 50, 50, 50, 51, 90, 90
720, 50, 50, 50, 50, 50, 51, 90, 90
721, 50, 50, 50, 50, 50, 51, 90, 90
722, 50, 50, 50, 50, 50, 51, 90, 90
723, 50, 50, 50, 50, 50, 51, 90, 90
724, 50, 50, 50, 50, 50, 51, 90, 90
725, 50, 50, 50, 50, 50, 51, 90, 90
726, 50, 50, 50, 50, 50, 51, 90, 90
727, 50, 50, 50, 50, 50, 51, 90, 90
728, 50, 50, 50, 50, 50, 51, 90, 90
729, 50, 50, 50, 50, 50, 51, 90, 90
730, 50, 50, 50, 50, 50, 51, 90, 90
731, 50, 50, 50, 50, 50, 51, 90, 90
732, 50, 50, 50, 50, 50, 51, 90, 90
733, 50, 50, 50, 50, 50, 51, 90, 90
734, 50, 50, 50, 50, 50, 51, 90, 90
735, 50, 50, 50, 50, 50, 51, 90, 90
736, 50, 50, 50, 50, 50, 51, 90, 90
737, 50, 50, 50, 50, 50, 51, 90, 90
738, 50, 50, 50, 50, 50, 51, 90, 90
739, 50, 50, 50, 50, 50, 51, 90, 90
740, 50, 50, 50, 50, 50, 51, 90, 90
741, 50, 50, 50, 50, 50, 51, 90, 90
742, 50, 50, 50, 50, 50, 51, 90, 90
743, 50, 50, 50, 50, 50, 51, 90, 90
744, 50, 50, 50, 50, 50, 51, 90, 90
745, 50, 50, 50, 50, 50, 51, 90, 90
746, 50, 50, 50, 50, 50, 51, 90, 90
747, 50, 50, 50, 50, 50, 51, 90, 90
748, 50, 50, 50, 50, 50, 51, 90, 90
749, 50, 50, 50, 50, 50, 51, 90, 90
750, 50, 50, 50, 50, 50, 51, 90, 90
751, 50, 50, 50, 50, 50, 51, 90, 90
752, 50, 50, 50, 50, 50, 51, 90, 90
753, 50, 50, 50, 50, 50, 51, 90, 90
754, 50, 50, 50, 50, 50, 51, 90, 90
755, 50, 50, 50, 50, 50, 51, 90, 90
756, 50, 50, 50, 50, 50, 51, 90, 90
757, 50, 50, 50, 50, 50, 51, 90, 90
758, 50, 50, 50, 50, 50, 51, 90, 90
759, 50, 50, 50, 50, 50, 51, 90, 90
760, 50, 50, 50, 50, 50, 51, 90, 90
761, 50, 50, 50, 50, 50, 51, 90, 90
762, 50, 50, 50, 50, 50, 51, 90, 90
763, 50, 50, 50, 50, 50, 51, 90, 90
764, 50, 50, 50, 50, 50, 51, 90, 90
765, 50, 50, 50, 50, 50, 51, 90, 90
766, 50, 50, 50, 50, 50, 51, 90, 90
767, 50, 50, 50, 50, 50, 51, 90, 90
768, 50, 50, 50, 50, 50, 51, 90, 90
769, 50, 50, 50, 50, 50, 51, 90, 90
770, 50, 50, 50, 50, 50, 51, 90, 90
771, 50, 50, 50, 50, 50, 51, 90, 90
772, 50, 50, 50, 50, 50, 51, 90, 90
773, 50, 50, 50, 50, 50, 51, 90, 90
774, 50, 50, 50, 50, 50, 51, 90, 90
775, 50, 50, 50, 50, 50, 51, 90, 90
776, 50, 50, 50, 50, 50, 51, 90, 90
777, 50, 50, 50, 50, 50, 51, 90, 90
778, 50, 50, 50, 50, 50, 51, 90, 90
779, 50, 50, 50, 50, 50, 51, 90, 90
780, 50, 50, 50, 50, 50, 51, 90, 90
781, 50, 50, 50, 50, 50, 51, 90, 90
782, 50, 50, 50, 50, 50, 51, 90, 90
783, 50, 50, 50, 50, 50, 51, 90, 90
784, 50, 50, 50, 50, 50, 51, 90, 90
785, 50, 50, 50, 50, 50, 51, 90, 90
786, 50, 50, 50, 50, 50, 51, 90, 90
787, 50, 50, 50, 50, 50, 51, 90, 90
788, 50, 50, 50, 50, 50, 51, 90, 90
789, 50, 50, 50, 50, 50, 51, 90, 90
790, 50, 50, 50, 50, 50, 51, 90, 90
791, 50, 50, 50, 50, 50, 51, 90, 90
792, 50, 50, 50, 50, 50, 51, 90, 90
793, 50, 50, 50, 50, 50, 51, 90, 90
794, 50, 50, 50, 50, 50, 51, 90, 90
795, 50, 50, 50, 50, 50, 51, 90, 90
796, 50, 50, 50, 50, 50, 51, 90, 90
797, 50, 50, 50, 50, 50, 51, 90, 90
798, 50, 50, 50, 50, 50, 51, 90, 90
799, 50, 50, 50, 50, 50, 51, 90, 90
800, 50, 50, 50, 50, 50, 51, 90, 90
801, 50, 50, 50, 50, 50, 51, 90, 90
802, 50, 50, 50, 50, 50, 51, 90, 90
803, 50, 50, 50, 50, 50, 51, 90, 90
804, 50, 50, 50, 50, 50, 51, 90, 90
805, 50, 50, 50, 50, 50, 51, 90, 90
806, 50, 50, 50, 50, 50, 51, 90, 90
807, 50, 50, 50, 50, 50, 51, 90, 90
808, 50, 50, 50, 50, 50, 51, 90, 90
809, 50, 50, 50, 50, 50, 51, 90, 90
810, 50, 50, 50, 50, 50, 51, 90, 90
811, 50, 50, 50, 50, 50, 51, 90, 90
812, 50, 50, 50, 50, 50, 51, 90, 90
813, 50, 50, 50, 50, 50, 51, 90, 90
814, 50, 50, 50, 50, 50, 51, 90, 90
815, 50, 50, 50, 50, 50, 51, 90, 90
816, 50, 50, 50, 50, 50, 51, 90, 90
817, 50, 50, 50, 50, 50, 51, 90, 90
818, 50, 50, 50, 50, 50, 51, 90, 90
819, 50, 50, 50, 50, 50, 51, 90, 90
820, 50, 50, 50, 50, 50, 51, 90, 90
821, 50, 50, 50, 50, 50, 51, 90, 90
822, 50, 50, 50, 50, 50, 51, 90, 90
823, 50, 50, 50, 50, 50, 51, 90, 90
824, 50, 50, 50, 50, 50, 51, 90, 90
825, 50, 50, 50, 50, 50, 51, 90, 90
826, 50, 50, 50, 50, 50, 51, 90, 90
827, 50, 50, 50, 50, 50, 51, 90, 90
828, 50, 50, 50, 50, 50, 51, 90, 90
829, 50, 50, 50, 50, 50, 51, 90, 90
830, 50, 50, 50, 50, 50, 51, 90, 90
831, 50, 50, 50, 50, 50, 51, 90, 90
832, 50, 50, 50, 50, 50, 51, 90, 90
833, 50, 50, 50, 50, 50, 51, 90, 90
834, 50, 50, 50, 50, 50, 51, 90, 90
835, 50, 50, 50, 50, 50, 51, 90, 90
836, 50, 50, 50, 50, 50, 51, 90, 90
837, 50, 50, 50, 50, 50, 51, 90, 90
838, 50, 50, 50, 50, 50, 51, 90, 90
839, 50, 50, 50, 50, 50, 51, 90, 90
840, 50, 50, 50, 50, 50, 51, 90, 90
841, 50, 50, 50, 50, 50, 51, 90, 90
842, 50, 50, 50, 50, 50, 51, 90, 90
843, 50, 50, 50, 50, 50, 51, 90, 90
844, 50, 50, 50, 50, 50, 51, 90, 90
845, 50, 50, 50, 50, 50, 51, 90, 90
846, 50, 50, 50, 50, 50, 51, 90, 90
847, 50, 50, 50, 50, 50, 51, 90, 90
848, 50, 50, 50, 50, 50, 51, 90, 90
849, 50, 50, 50, 50, 50, 51, 90, 90
850, 50, 50, 50, 50, 50, 51, 90, 90
851, 50, 50, 50, 50, 50, 51, 90, 90
852, 50, 50, 50, 50, 50, 51, 90, 90
853, 50, 50, 50, 50, 50, 51, 90, 90
854, 50, 50, 50, 50, 50, 51, 90, 90
855, 50, 50, 50, 50, 50, 51, 90, 90
856, 50, 50, 50, 50, 50, 51, 90, 90
857, 50, 50, 50, 50, 50, 51, 90, 90
858, 50, 50, 50, 50, 50, 51, 90, 90
859, 50, 50, 50, 50, 50, 51, 90, 90
860, 50, 50, 50, 50, 50, 51, 90, 90
861, 50, 50, 50, 50, 50, 51, 90, 90
862, 50, 50, 50, 50, 50, 51, 90, 90
863, 50, 50, 50, 50, 50, 51, 90, 90
864, 50, 50, 50, 50, 50, 51, 90, 90
865, 50, 50, 50, 50, 50, 51, 90, 90
866, 50, 50, 50, 50, 50, 51, 90, 90
867, 50, 50, 50, 50, 50, 51, 90, 90
868, 50, 50, 50, 50, 50, 51, 90, 90
869, 50, 50, 50, 50, 50, 51, 90, 90
870, 50, 50, 50, 50, 50, 51, 90, 90
871, 50, 50, 50, 50, 50, 51, 90, 90
872, 50, 50, 50, 50, 50, 51, 90, 90
873, 50, 50, 50, 50, 50, 51, 90, 90
874, 50, 50, 50, 50, 50, 51, 90, 90
875, 50, 50, 50, 50, 50, 51, 90, 90
876, 50, 50, 50, 50, 50, 51, 90, 90
877, 50, 50, 50, 50, 50, 51, 90, 90
878, 50, 50, 50, 50, 50, 51, 90, 90
879, 50, 50, 50, 50, 50, 51, 90, 90
880, 50, 50, 50, 50, 50, 51, 90, 90
881, 50, 50, 50, 50, 50, 51, 90, 90
882, 50, 50, 50, 50, 50, 51, 90, 90
883, 50, 50, 50, 50, 50, 51, 90, 90
884, 50, 50, 50, 50, 50, 51, 90, 90
885, 50, 50, 50, 50, 50, 51, 90, 90
886, 50, 50, 50, 50, 50, 51, 90, 90
887, 50, 50, 50, 50, 50, 51, 90, 90
888, 50, 50, 50, 50, 50, 51, 90, 90
889, 50, 50, 50, 50, 50, 51, 90, 90
890, 50, 50, 50, 50, 50, 51, 90, 90
891, 50, 50, 50, 50, 50, 51, 90, 90
892, 50, 50, 50, 50, 50, 51, 90, 90
893, 50, 50, 50, 50, 50, 51, 90, 90
894, 50, 50, 50, 50, 50, 51, 90, 90
895, 50, 50, 50, 50, 50, 51, 90, 90
896, 50, 50, 50, 50, 50, 51, 90, 90
897, 50, 50, 50, 50, 50, 51, 90, 90
898, 50, 50, 50, 50, 50, 51, 90, 90
899, 50, 50, 50, 50, 50, 51, 90, 90
900, 50, 50, 50, 50, 50, 51, 90, 90
901, 50, 50, 50, 50, 50, 51, 90, 90
902, 50, 50, 50, 50, 50, 51, 90, 90
903, 50, 50, 50, 50, 50, 51, 90, 90
904, 50, 50, 50, 50, 50, 51, 90, 90
905, 50, 50, 50, 50, 50, 51, 90, 90
906, 50, 50, 50, 50, 50, 51, 90, 90
907, 50, 50, 50, 50, 50, 51, 90, 90
908, 50, 50, 50, 50, 50, 51, 90, 90
909, 50, 50, 50, 50, 50, 51, 90, 90
910, 50, 50, 50, 50, 50, 51, 90, 90
911, 50, 50, 50, 50, 50, 51, 90, 90
912, 50, 50, 50, 50, 50, 51, 90, 90
913, 50, 50, 50, 50, 50, 51, 90, 90
914, 50, 50, 50, 50, 50, 51, 90, 90
915, 50, 50, 50, 50, 50, 51, 90, 90
916, 50, 50, 50, 50, 50, 51, 90, 90
917, 50, 50, 50, 50, 50, 51, 90, 90
918, 50, 50, 50, 50, 50, 51, 90, 90
919, 50, 50, 50, 50, 50, 51, 90, 90
920, 50, 50, 50, 50, 50, 51, 90, 90
921, 50, 50, 50, 50, 50, 51, 90, 90
922, 50, 50, 50, 50, 50, 51, 90, 90
923, 50, 50, 50, 50, 50, 51, 90, 90
924, 50, 50, 50, 50, 50, 51, 90, 90
925, 50, 50, 50, 50, 50, 51, 90, 90
926, 50, 50, 50, 50, 50, 51, 90, 90
927, 50, 50, 50, 50, 50, 51, 90, 90
928, 50, 50, 50, 50, 50, 51, 90, 90
929, 50, 50, 50, 50, 50, 51, 90, 90
930, 50, 50, 50, 50, 50, 51, 90, 90
931, 50, 50, 50, 50, 50, 51, 90, 90
932, 50, 50, 50, 50, 50, 51, 90, 90
933, 50, 50, 50, 50, 50, 51, 90, 90
934, 50, 50, 50, 50, 50, 51, 90, 90
935, 50, 50, 50, 50, 50, 51, 90, 90
936, 50, 50, 50, 50, 50, 51, 90, 90
937, 50, 50, 50, 50, 50, 51, 90, 90
938, 50, 50, 50, 50, 50, 51, 90, 90
939, 50, 50, 50, 50, 50, 51, 90, 90
940, 50, 50, 50, 50, 50, 51, 90, 90
941, 50, 50, 50, 50, 50, 51, 90, 90
942, 50, 50, 50, 50, 50, 51, 90, 90
943, 50, 50, 50, 50, 50, 51, 90, 90
944, 50, 50, 50, 50, 50, 51, 90, 90
945, 50, 50, 50, 50, 50, 51, 90, 90
946, 50, 50, 50, 50, 50, 51, 90, 90
947, 50, 50, 50, 50, 50, 51, 90, 90
948, 50, 50, 50, 50, 50, 51, 90, 90
949, 50, 50, 50, 50, 50, 51, 90, 90
950, 50, 50, 50, 50, 50, 51, 90, 90
951, 50, 50, 50, 50, 50, 51, 90, 90
952, 50, 50, 50, 50, 50, 51, 90, 90
953, 50, 50, 50, 50, 50, 51, 90, 90
954, 50, 50, 50, 50, 50, 51, 90, 90
955, 50, 50, 50, 50, 50, 51, 90, 90
956, 50, 50, 50, 50, 50, 51, 90, 90
957, 50, 50, 50, 50, 50, 51, 90, 90
958, 50, 50, 50, 50, 50, 51, 90, 90
959, 50, 50, 50, 50, 50, 51, 90, 90
960, 50, 50, 50, 50, 50, 51, 90, 90
961, 50, 50, 50, 50, 50, 51, 90, 90
962, 50, 50, 50, 50, 50, 51, 90, 90
963, 50, 50, 50, 50, 50, 51, 90, 90
964, 50, 50, 50, 50, 50, 51, 90, 90
965, 50, 50, 50, 50, 50, 51, 90, 90
966, 50, 50, 50, 50, 50, 51, 90, 90
967, 50, 50, 50, 50, 50, 51, 90, 90
968, 50, 50, 50, 50, 50, 51, 90, 90
969, 50, 50, 50, 50, 50, 51, 90, 90
970, 50, 50, 50, 50, 50, 51, 90, 90
971, 50, 50, 50, 50, 50, 51, 90, 90
972, 50, 50, 50, 50, 50, 51, 90, 90
973, 50, 50, 50, 50, 50, 51, 90, 90
974, 50, 50, 50, 50, 50, 51, 90, 90
975, 50, 50, 50, 50, 50, 51, 90, 90
976, 50, 50, 50, 50, 50, 51, 90, 90
977, 50, 50, 50, 50, 50, 51, 90, 90
978, 50, 50, 50, 50, 50, 51, 90, 90
979, 50, 50, 50, 50, 50, 51, 90, 90
980, 50, 50, 50, 50, 50, 51, 90, 90
981, 50, 50, 50, 50, 50, 51, 90, 90
982, 50, 50, 50, 50, 50, 51, 90, 90
983, 50, 50, 50, 50, 50, 51, 90, 90
984, 50, 50, 50, 50, 50, 51, 90, 90
985, 50, 50, 50, 50, 50, 51, 90, 90
986, 50, 50, 50, 50, 50, 51, 90, 90
987, 50, 50, 50, 50, 50, 51, 90, 90
988, 50, 50, 50, 50, 50, 51, 90, 90
989, 50, 50, 50, 50, 50, 51, 90, 90
990, 50, 50, 50, 50, 50, 51, 90, 90
991, 50, 50, 50, 50, 50, 51, 90, 90
992, 50, 50, 50, 50, 50, 51, 90, 90
993, 50, 50, 50, 50, 50, 51, 90, 90
994, 50, 50, 50, 50, 50, 51, 90, 90
995, 50, 50, 50, 50, 50, 51, 90, 90
996, 50, 50, 50, 50, 50, 51, 90, 90
997, 50, 50, 50, 50, 50, 51, 90, 90
998, 50, 50, 50, 50, 50, 51, 90, 90
999, 50, 50, 50, 50, 50, 51, 90, 90
