0, 307.000000, 832.000000, 7066.000000, 826.000000, 826.000000, 7066.000000, 826.000000, 5638.000000, 0.000000
1, 505.000000, 3980.000000, 2650.000000, 3747.000000, 2056.000000, 3473.000000, 2696.000000, 4478.000000, 0.000000
2, 764.000000, 2297.000000, 6404.000000, 876.000000, 2205.000000, 5770.000000, 1450.000000, 4078.000000, 0.000000
3, 720.000000, 2183.000000, 3205.000000, 2404.000000, 2660.000000, 5064.000000, 2500.000000, 5064.000000, 0.000000
4, 800.000000, 2396.000000, 6318.000000, 1846.000000, 1240.000000, 6520.000000, 1298.000000, 3462.000000, 0.000000
5, 689.000000, 974.000000, 3349.000000, 2847.000000, 2746.000000, 4857.000000, 2378.000000, 5929.000000, 0.000000
6, 648.000000, 2710.000000, 5164.000000, 3027.000000, 1104.000000, 2706.000000, 2350.000000, 6019.000000, 0.000000
7, 748.000000, 2532.000000, 2345.000000, 2098.000000, 1172.000000, 9164.000000, 1604.000000, 4165.000000, 0.000000
8, 724.000000, 1661.000000, 4813.000000, 2327.000000, 2869.000000, 4207.000000, 2167.000000, 5036.000000, 0.000000
9, 712.000000, 2434.000000, 2463.000000, 2690.000000, 2463.000000, 6418.000000, 2236.000000, 4376.000000, 0.000000
10, 635.000000, 3348.000000, 4107.000000, 3234.000000, 2253.000000, 5015.000000, 2398.000000, 2725.000000, 0.000000
11, 677.000000, 1163.000000, 2181.000000, 2965.000000, 2113.000000, 6988.000000, 3068.000000, 4602.000000, 0.000000
12, 705.000000, 2229.000000, 7627.000000, 2684.000000, 2684.000000, 4092.000000, 1047.000000, 2717.000000, 0.000000
13, 814.000000, 2073.000000, 3033.000000, 1928.000000, 2268.000000, 7201.000000, 2523.000000, 4054.000000, 0.000000
14, 711.000000, 2308.000000, 4901.000000, 2661.000000, 2759.000000, 3668.000000, 1395.000000, 5388.000000, 0.000000
15, 717.000000, 2675.000000, 2446.000000, 1931.000000, 1770.000000, 8626.000000, 1995.000000, 3637.000000, 0.000000
16, 720.000000, 2439.000000, 4423.000000, 2436.000000, 2436.000000, 3814.000000, 2211.000000, 5321.000000, 0.000000
17, 717.000000, 2417.000000, 2253.000000, 2800.000000, 2124.000000, 7049.000000, 2575.000000, 3862.000000, 0.000000
18, 661.000000, 2970.000000, 6669.000000, 3037.000000, 2723.000000, 3736.000000, 1571.000000, 2374.000000, 0.000000
19, 761.000000, 1946.000000, 2850.000000, 2486.000000, 2001.000000, 6429.000000, 2577.000000, 4791.000000, 0.000000
20, 682.000000, 3049.000000, 4467.000000, 1319.000000, 2233.000000, 4467.000000, 2571.000000, 4974.000000, 0.000000
21, 756.000000, 2109.000000, 5220.000000, 1740.000000, 1740.000000, 7540.000000, 1618.000000, 3113.000000, 0.000000
22, 673.000000, 2609.000000, 2812.000000, 1543.000000, 2743.000000, 4526.000000, 2915.000000, 5932.000000, 0.000000
23, 713.000000, 2755.000000, 5308.000000, 2233.000000, 1456.000000, 6182.000000, 2233.000000, 2913.000000, 0.000000
24, 699.000000, 960.000000, 3731.000000, 2806.000000, 2509.000000, 4985.000000, 2113.000000, 5976.000000, 0.000000
25, 667.000000, 2079.000000, 5467.000000, 2872.000000, 1799.000000, 2629.000000, 2387.000000, 5847.000000, 0.000000
26, 745.000000, 1769.000000, 2540.000000, 1827.000000, 2478.000000, 7868.000000, 2044.000000, 4554.000000, 0.000000
27, 726.000000, 2610.000000, 7184.000000, 2034.000000, 1907.000000, 3783.000000, 1144.000000, 4418.000000, 0.000000
28, 804.000000, 1783.000000, 3071.000000, 2181.000000, 2095.000000, 7090.000000, 2440.000000, 4420.000000, 0.000000
29, 685.000000, 2531.000000, 4885.000000, 2762.000000, 2998.000000, 3807.000000, 1549.000000, 4548.000000, 0.000000
30, 692.000000, 1437.000000, 2935.000000, 2734.000000, 2134.000000, 7070.000000, 2368.000000, 4402.000000, 0.000000
31, 692.000000, 2605.000000, 5469.000000, 967.000000, 2534.000000, 4402.000000, 2201.000000, 4902.000000, 0.000000
32, 663.000000, 2163.000000, 2854.000000, 3028.000000, 2610.000000, 6648.000000, 2227.000000, 3550.000000, 0.000000
33, 650.000000, 2275.000000, 4687.000000, 2343.000000, 2663.000000, 3799.000000, 1952.000000, 5361.000000, 0.000000
34, 676.000000, 2564.000000, 2389.000000, 2663.000000, 2355.000000, 7238.000000, 1877.000000, 3994.000000, 0.000000
35, 632.000000, 1647.000000, 4564.000000, 3104.000000, 2994.000000, 3651.000000, 2592.000000, 4528.000000, 0.000000
36, 651.000000, 2769.000000, 2481.000000, 2658.000000, 2765.000000, 7267.000000, 2588.000000, 2552.000000, 0.000000
37, 739.000000, 2378.000000, 5340.000000, 780.000000, 1780.000000, 5121.000000, 2154.000000, 5527.000000, 0.000000
38, 652.000000, 2339.000000, 2902.000000, 2938.000000, 2265.000000, 5805.000000, 2831.000000, 4000.000000, 0.000000
39, 690.000000, 2144.000000, 5050.000000, 2140.000000, 1672.000000, 4850.000000, 2441.000000, 4783.000000, 0.000000
40, 667.000000, 2045.000000, 2629.000000, 2837.000000, 2041.000000, 6851.000000, 2525.000000, 4152.000000, 0.000000
41, 702.000000, 2272.000000, 7890.000000, 2860.000000, 2169.000000, 3912.000000, 1742.000000, 2235.000000, 0.000000
42, 804.000000, 2444.000000, 3071.000000, 1291.000000, 1980.000000, 6286.000000, 2497.000000, 5511.000000, 0.000000
43, 658.000000, 2739.000000, 4840.000000, 2735.000000, 2981.000000, 3753.000000, 1823.000000, 4209.000000, 0.000000
44, 703.000000, 3188.000000, 2298.000000, 1017.000000, 2330.000000, 6500.000000, 2921.000000, 4826.000000, 0.000000
45, 633.000000, 1827.000000, 3901.000000, 2916.000000, 2771.000000, 4557.000000, 2843.000000, 4265.000000, 0.000000
46, 693.000000, 2734.000000, 2531.000000, 1598.000000, 832.000000, 7293.000000, 2830.000000, 5262.000000, 0.000000
47, 632.000000, 2194.000000, 5989.000000, 2921.000000, 3286.000000, 3651.000000, 2008.000000, 3031.000000, 0.000000
48, 763.000000, 1819.000000, 2480.000000, 2419.000000, 1512.000000, 7894.000000, 2298.000000, 4658.000000, 0.000000
49, 725.000000, 1658.000000, 5889.000000, 2164.000000, 2260.000000, 3788.000000, 2642.000000, 4679.000000, 0.000000
50, 776.000000, 2174.000000, 2617.000000, 2230.000000, 1962.000000, 7138.000000, 2468.000000, 4491.000000, 0.000000
51, 694.000000, 2597.000000, 4822.000000, 1829.000000, 2959.000000, 4822.000000, 1662.000000, 4389.000000, 0.000000
52, 675.000000, 2842.000000, 2598.000000, 1230.000000, 2017.000000, 6325.000000, 2803.000000, 5265.000000, 0.000000
53, 689.000000, 1912.000000, 6398.000000, 2612.000000, 2847.000000, 4187.000000, 1205.000000, 3919.000000, 0.000000
54, 771.000000, 2189.000000, 2813.000000, 2275.000000, 2275.000000, 6974.000000, 2394.000000, 4160.000000, 0.000000
55, 685.000000, 2092.000000, 4885.000000, 2560.000000, 2796.000000, 4211.000000, 1853.000000, 4683.000000, 0.000000
56, 715.000000, 2005.000000, 3227.000000, 2646.000000, 1258.000000, 7295.000000, 1904.000000, 4745.000000, 0.000000
57, 647.000000, 1538.000000, 4922.000000, 2354.000000, 2532.000000, 3816.000000, 2960.000000, 4958.000000, 0.000000
58, 718.000000, 2413.000000, 2250.000000, 2443.000000, 1671.000000, 8164.000000, 2282.000000, 3857.000000, 0.000000
59, 654.000000, 2262.000000, 4199.000000, 2329.000000, 2929.000000, 3987.000000, 1940.000000, 5434.000000, 0.000000
60, 687.000000, 2322.000000, 2754.000000, 1780.000000, 2452.000000, 7827.000000, 2015.000000, 3930.000000, 0.000000
61, 659.000000, 1194.000000, 5288.000000, 2871.000000, 2416.000000, 3747.000000, 2171.000000, 5393.000000, 0.000000
62, 657.000000, 2744.000000, 2669.000000, 2564.000000, 2880.000000, 6709.000000, 1826.000000, 3688.000000, 0.000000
63, 637.000000, 1488.000000, 4094.000000, 2717.000000, 2644.000000, 3623.000000, 2500.000000, 6014.000000, 0.000000
64, 679.000000, 2484.000000, 3637.000000, 2481.000000, 2005.000000, 6730.000000, 1529.000000, 4214.000000, 0.000000
65, 698.000000, 1722.000000, 6117.000000, 1487.000000, 2645.000000, 4133.000000, 1884.000000, 5092.000000, 0.000000
66, 693.000000, 2900.000000, 2930.000000, 2764.000000, 2198.000000, 5695.000000, 2830.000000, 3763.000000, 0.000000
67, 645.000000, 2151.000000, 1860.000000, 2719.000000, 2969.000000, 5868.000000, 2540.000000, 4973.000000, 0.000000
68, 783.000000, 2627.000000, 8341.000000, 2210.000000, 1532.000000, 2417.000000, 1414.000000, 4539.000000, 0.000000
69, 837.000000, 2017.000000, 3446.000000, 2261.000000, 2343.000000, 7196.000000, 2398.000000, 3419.000000, 0.000000
70, 697.000000, 2488.000000, 3741.000000, 2880.000000, 2814.000000, 3940.000000, 1721.000000, 5496.000000, 0.000000
71, 735.000000, 1730.000000, 4961.000000, 2606.000000, 1004.000000, 4961.000000, 2135.000000, 5683.000000, 0.000000
72, 672.000000, 2579.000000, 2816.000000, 2369.000000, 2816.000000, 6113.000000, 2369.000000, 4018.000000, 0.000000
73, 671.000000, 2205.000000, 4540.000000, 2579.000000, 2510.000000, 4540.000000, 1788.000000, 4918.000000, 0.000000
74, 687.000000, 2557.000000, 2351.000000, 2754.000000, 1746.000000, 7357.000000, 2015.000000, 4300.000000, 0.000000
75, 736.000000, 1947.000000, 7526.000000, 1411.000000, 2571.000000, 3135.000000, 1285.000000, 5205.000000, 0.000000
76, 778.000000, 2228.000000, 3174.000000, 2640.000000, 2017.000000, 7119.000000, 2432.000000, 3470.000000, 0.000000
77, 706.000000, 2162.000000, 5361.000000, 2549.000000, 2909.000000, 3497.000000, 1176.000000, 5426.000000, 0.000000
78, 680.000000, 750.000000, 2986.000000, 2885.000000, 2545.000000, 5803.000000, 2240.000000, 5871.000000, 0.000000
79, 636.000000, 3342.000000, 4536.000000, 2395.000000, 2249.000000, 2975.000000, 2249.000000, 5334.000000, 0.000000
80, 684.000000, 2535.000000, 2361.000000, 2530.000000, 2631.000000, 6917.000000, 2294.000000, 3812.000000, 0.000000
81, 642.000000, 2951.000000, 2947.000000, 2300.000000, 2049.000000, 4961.000000, 2444.000000, 5428.000000, 0.000000
82, 774.000000, 2448.000000, 6321.000000, 1789.000000, 1341.000000, 6739.000000, 954.000000, 3488.000000, 0.000000
83, 698.000000, 962.000000, 3306.000000, 2744.000000, 2711.000000, 4794.000000, 2711.000000, 5852.000000, 0.000000
84, 696.000000, 2522.000000, 5902.000000, 2719.000000, 1061.000000, 3117.000000, 1890.000000, 5869.000000, 0.000000
85, 749.000000, 3177.000000, 2711.000000, 1910.000000, 1633.000000, 7395.000000, 2187.000000, 4067.000000, 0.000000
86, 664.000000, 1740.000000, 3267.000000, 2606.000000, 2885.000000, 5040.000000, 2294.000000, 5248.000000, 0.000000
87, 646.000000, 1646.000000, 5394.000000, 2965.000000, 3036.000000, 2715.000000, 2358.000000, 4966.000000, 0.000000
88, 723.000000, 2652.000000, 2426.000000, 1883.000000, 2266.000000, 8331.000000, 1915.000000, 3607.000000, 0.000000
89, 737.000000, 1850.000000, 6200.000000, 2223.000000, 2599.000000, 3726.000000, 1190.000000, 5292.000000, 0.000000
90, 798.000000, 2201.000000, 2718.000000, 1966.000000, 2053.000000, 6941.000000, 2516.000000, 4685.000000, 0.000000
91, 711.000000, 2146.000000, 5778.000000, 2531.000000, 2824.000000, 4057.000000, 1460.000000, 4284.000000, 0.000000
92, 742.000000, 2553.000000, 2737.000000, 2146.000000, 964.000000, 7247.000000, 2861.000000, 4572.000000, 0.000000
93, 667.000000, 2217.000000, 5225.000000, 2387.000000, 3252.000000, 3702.000000, 2145.000000, 4152.000000, 0.000000
94, 739.000000, 2503.000000, 2373.000000, 1436.000000, 1342.000000, 7932.000000, 2560.000000, 4934.000000, 0.000000
95, 686.000000, 1753.000000, 5753.000000, 2691.000000, 2859.000000, 3801.000000, 2556.000000, 3667.000000, 0.000000
96, 767.000000, 2200.000000, 2467.000000, 2497.000000, 2136.000000, 7221.000000, 1925.000000, 4634.000000, 0.000000
97, 668.000000, 1904.000000, 5009.000000, 2591.000000, 2867.000000, 3696.000000, 2349.000000, 4664.000000, 0.000000
98, 732.000000, 2303.000000, 2396.000000, 2743.000000, 2144.000000, 7567.000000, 2238.000000, 3689.000000, 0.000000
99, 621.000000, 3051.000000, 1709.000000, 2118.000000, 2973.000000, 4422.000000, 3084.000000, 5723.000000, 0.000000
100, 738.000000, 2130.000000, 7286.000000, 2595.000000, 1626.000000, 2001.000000, 2501.000000, 4941.000000, 0.000000
101, 659.000000, 2420.000000, 4377.000000, 1996.000000, 2906.000000, 5078.000000, 2486.000000, 3817.000000, 0.000000
102, 643.000000, 3484.000000, 2512.000000, 1471.000000, 2620.000000, 5420.000000, 2153.000000, 5420.000000, 0.000000
103, 648.000000, 3101.000000, 4452.000000, 2208.000000, 2030.000000, 5378.000000, 2279.000000, 3632.000000, 0.000000
104, 692.000000, 1903.000000, 4836.000000, 2001.000000, 2134.000000, 5269.000000, 1901.000000, 5036.000000, 0.000000
105, 665.000000, 2954.000000, 2637.000000, 1596.000000, 2394.000000, 6871.000000, 2464.000000, 4164.000000, 0.000000
106, 685.000000, 981.000000, 5761.000000, 1987.000000, 2762.000000, 4009.000000, 2628.000000, 4952.000000, 0.000000
107, 707.000000, 2713.000000, 2676.000000, 2481.000000, 2317.000000, 7377.000000, 1958.000000, 3558.000000, 0.000000
108, 670.000000, 2690.000000, 4547.000000, 2273.000000, 2445.000000, 3685.000000, 1722.000000, 5718.000000, 0.000000
109, 670.000000, 2380.000000, 2411.000000, 3100.000000, 2686.000000, 6372.000000, 2514.000000, 3617.000000, 0.000000
110, 758.000000, 2317.000000, 6881.000000, 1613.000000, 1796.000000, 4597.000000, 1187.000000, 4689.000000, 0.000000
111, 722.000000, 2432.000000, 3420.000000, 2717.000000, 2493.000000, 6105.000000, 2781.000000, 3132.000000, 0.000000
112, 646.000000, 2432.000000, 2072.000000, 2929.000000, 2786.000000, 4716.000000, 2215.000000, 5930.000000, 0.000000
113, 709.000000, 1403.000000, 7812.000000, 3059.000000, 1041.000000, 2669.000000, 2441.000000, 4655.000000, 0.000000
114, 731.000000, 2403.000000, 3567.000000, 2304.000000, 252.000000, 6914.000000, 2399.000000, 5241.000000, 0.000000
115, 642.000000, 1980.000000, 5212.000000, 2228.000000, 3307.000000, 4278.000000, 2157.000000, 3918.000000, 0.000000
116, 713.000000, 2527.000000, 2460.000000, 1715.000000, 1262.000000, 7315.000000, 2816.000000, 4985.000000, 0.000000
117, 637.000000, 2323.000000, 4311.000000, 2717.000000, 3224.000000, 3876.000000, 2137.000000, 4492.000000, 0.000000
118, 738.000000, 2349.000000, 2189.000000, 1626.000000, 1344.000000, 9757.000000, 2282.000000, 3533.000000, 0.000000
119, 781.000000, 2013.000000, 6264.000000, 2364.000000, 2659.000000, 3900.000000, 1891.000000, 3989.000000, 0.000000
120, 794.000000, 2212.000000, 2906.000000, 2209.000000, 2383.000000, 6569.000000, 2325.000000, 4476.000000, 0.000000
121, 695.000000, 2592.000000, 5911.000000, 2822.000000, 2723.000000, 3553.000000, 1494.000000, 3985.000000, 0.000000
122, 806.000000, 1978.000000, 2519.000000, 2577.000000, 2176.000000, 8304.000000, 2090.000000, 3436.000000, 0.000000
123, 756.000000, 1896.000000, 6472.000000, 2014.000000, 2533.000000, 3816.000000, 1190.000000, 5159.000000, 0.000000
124, 735.000000, 2608.000000, 3140.000000, 2292.000000, 1130.000000, 7316.000000, 2355.000000, 4239.000000, 0.000000
125, 698.000000, 1887.000000, 6778.000000, 2579.000000, 2579.000000, 3538.000000, 1487.000000, 4232.000000, 0.000000
126, 776.000000, 2799.000000, 2795.000000, 2052.000000, 1695.000000, 6929.000000, 2319.000000, 4491.000000, 0.000000
127, 640.000000, 2887.000000, 2091.000000, 2308.000000, 3137.000000, 5229.000000, 2812.000000, 4616.000000, 0.000000
128, 767.000000, 2080.000000, 6589.000000, 1655.000000, 2286.000000, 6379.000000, 1143.000000, 2948.000000, 0.000000
129, 692.000000, 2605.000000, 3335.000000, 2501.000000, 2534.000000, 3335.000000, 2734.000000, 6036.000000, 0.000000
130, 827.000000, 1091.000000, 5916.000000, 2288.000000, 1144.000000, 6307.000000, 1395.000000, 4939.000000, 0.000000
131, 737.000000, 2947.000000, 3131.000000, 1878.000000, 1722.000000, 5793.000000, 2787.000000, 4822.000000, 0.000000
132, 699.000000, 1950.000000, 4787.000000, 1981.000000, 2938.000000, 5415.000000, 2047.000000, 3962.000000, 0.000000
133, 671.000000, 3305.000000, 2614.000000, 1341.000000, 2579.000000, 5193.000000, 2751.000000, 5297.000000, 0.000000
134, 686.000000, 2157.000000, 4878.000000, 2388.000000, 2624.000000, 5315.000000, 1547.000000, 4171.000000, 0.000000
135, 632.000000, 2595.000000, 3213.000000, 3104.000000, 1752.000000, 5295.000000, 2191.000000, 4930.000000, 0.000000
136, 744.000000, 2857.000000, 7228.000000, 899.000000, 2047.000000, 4901.000000, 1178.000000, 3970.000000, 0.000000
137, 745.000000, 2110.000000, 3314.000000, 2633.000000, 2106.000000, 5297.000000, 2850.000000, 4770.000000, 0.000000
138, 768.000000, 2678.000000, 5138.000000, 1592.000000, 1442.000000, 5950.000000, 1652.000000, 4628.000000, 0.000000
139, 678.000000, 2113.000000, 2791.000000, 2485.000000, 3029.000000, 5378.000000, 3063.000000, 4221.000000, 0.000000
140, 682.000000, 2473.000000, 2978.000000, 2538.000000, 2233.000000, 6023.000000, 1861.000000, 4974.000000, 0.000000
141, 658.000000, 3124.000000, 3963.000000, 2385.000000, 2665.000000, 6489.000000, 1683.000000, 2771.000000, 0.000000
142, 669.000000, 1591.000000, 4553.000000, 2828.000000, 2138.000000, 4312.000000, 1828.000000, 5830.000000, 0.000000
143, 673.000000, 2027.000000, 4526.000000, 2023.000000, 2503.000000, 4732.000000, 1714.000000, 5555.000000, 0.000000
144, 639.000000, 2711.000000, 2528.000000, 3142.000000, 2817.000000, 6176.000000, 2564.000000, 3142.000000, 0.000000
145, 728.000000, 1906.000000, 6277.000000, 1743.000000, 1458.000000, 4184.000000, 2155.000000, 5357.000000, 0.000000
146, 749.000000, 2900.000000, 2896.000000, 1848.000000, 1540.000000, 6748.000000, 2742.000000, 4406.000000, 0.000000
147, 721.000000, 1156.000000, 6114.000000, 2496.000000, 2272.000000, 4001.000000, 2208.000000, 4833.000000, 0.000000
148, 780.000000, 2844.000000, 2781.000000, 1834.000000, 1775.000000, 7515.000000, 2100.000000, 4231.000000, 0.000000
149, 648.000000, 1961.000000, 2493.000000, 2671.000000, 2956.000000, 5164.000000, 2600.000000, 5235.000000, 0.000000
150, 656.000000, 2994.000000, 4644.000000, 3060.000000, 1688.000000, 2673.000000, 2181.000000, 5840.000000, 0.000000
151, 662.000000, 2722.000000, 4811.000000, 3102.000000, 2858.000000, 5055.000000, 1499.000000, 3033.000000, 0.000000
152, 714.000000, 2428.000000, 2262.000000, 2585.000000, 1163.000000, 7079.000000, 2585.000000, 4978.000000, 0.000000
153, 687.000000, 2924.000000, 6215.000000, 2217.000000, 1982.000000, 4636.000000, 2318.000000, 2788.000000, 0.000000
154, 726.000000, 2102.000000, 2797.000000, 2606.000000, 2479.000000, 5436.000000, 2765.000000, 4895.000000, 0.000000
155, 727.000000, 2637.000000, 5016.000000, 1746.000000, 1682.000000, 5873.000000, 2317.000000, 3809.000000, 0.000000
156, 671.000000, 2515.000000, 2820.000000, 1960.000000, 3095.000000, 6569.000000, 1719.000000, 4402.000000, 0.000000
157, 664.000000, 2645.000000, 5040.000000, 1807.000000, 2606.000000, 4344.000000, 1807.000000, 4831.000000, 0.000000
158, 703.000000, 2400.000000, 2495.000000, 2724.000000, 1050.000000, 8798.000000, 2265.000000, 3348.000000, 0.000000
159, 742.000000, 1434.000000, 6812.000000, 2363.000000, 2550.000000, 3701.000000, 839.000000, 5381.000000, 0.000000
160, 776.000000, 2173.000000, 2974.000000, 2379.000000, 1903.000000, 7346.000000, 2736.000000, 3569.000000, 0.000000
161, 785.000000, 944.000000, 6438.000000, 2234.000000, 2352.000000, 4821.000000, 1323.000000, 4968.000000, 0.000000
162, 769.000000, 2044.000000, 3001.000000, 2611.000000, 2611.000000, 6782.000000, 2190.000000, 3841.000000, 0.000000
163, 669.000000, 2453.000000, 4105.000000, 2449.000000, 2690.000000, 3691.000000, 1966.000000, 5726.000000, 0.000000
164, 650.000000, 2134.000000, 2272.000000, 2769.000000, 2272.000000, 6071.000000, 3160.000000, 4402.000000, 0.000000
165, 639.000000, 2640.000000, 3864.000000, 2131.000000, 2997.000000, 4514.000000, 1914.000000, 5020.000000, 0.000000
166, 672.000000, 2511.000000, 2404.000000, 2575.000000, 1717.000000, 7040.000000, 1785.000000, 5048.000000, 0.000000
167, 582.000000, 2977.000000, 1824.000000, 2101.000000, 3450.000000, 5234.000000, 3172.000000, 4322.000000, 0.000000
168, 709.000000, 2445.000000, 5566.000000, 1790.000000, 1855.000000, 5566.000000, 1464.000000, 4394.000000, 0.000000
169, 670.000000, 1898.000000, 2824.000000, 2273.000000, 2618.000000, 5890.000000, 2514.000000, 5063.000000, 0.000000
170, 716.000000, 2453.000000, 5512.000000, 2191.000000, 1321.000000, 6382.000000, 2063.000000, 3158.000000, 0.000000
171, 674.000000, 859.000000, 3869.000000, 2910.000000, 2670.000000, 4725.000000, 2123.000000, 5924.000000, 0.000000
172, 616.000000, 2402.000000, 3072.000000, 3109.000000, 1273.000000, 3746.000000, 2997.000000, 6481.000000, 0.000000
173, 680.000000, 2719.000000, 4242.000000, 1798.000000, 1052.000000, 6957.000000, 3258.000000, 3054.000000, 0.000000
174, 638.000000, 978.000000, 2966.000000, 2894.000000, 3147.000000, 4775.000000, 2062.000000, 6258.000000, 0.000000
175, 605.000000, 3169.000000, 4768.000000, 2517.000000, 1907.000000, 2670.000000, 2899.000000, 5150.000000, 0.000000
176, 707.000000, 2613.000000, 2285.000000, 2481.000000, 2481.000000, 7606.000000, 1795.000000, 3819.000000, 0.000000
177, 679.000000, 1294.000000, 5370.000000, 2583.000000, 2787.000000, 3637.000000, 2175.000000, 5234.000000, 0.000000
178, 729.000000, 2536.000000, 2596.000000, 2406.000000, 1741.000000, 8484.000000, 1867.000000, 3450.000000, 0.000000
179, 646.000000, 1790.000000, 4465.000000, 3179.000000, 2965.000000, 4251.000000, 1857.000000, 4573.000000, 0.000000
180, 623.000000, 2115.000000, 2593.000000, 2963.000000, 2370.000000, 3704.000000, 2519.000000, 6816.000000, 0.000000
181, 693.000000, 2002.000000, 7526.000000, 2664.000000, 2131.000000, 3563.000000, 2064.000000, 3130.000000, 0.000000
182, 813.000000, 2531.000000, 3037.000000, 1362.000000, 2015.000000, 7210.000000, 2554.000000, 4371.000000, 0.000000
183, 696.000000, 2423.000000, 5007.000000, 2885.000000, 2719.000000, 3747.000000, 1425.000000, 4874.000000, 0.000000
184, 759.000000, 2223.000000, 2311.000000, 2158.000000, 881.000000, 9031.000000, 2919.000000, 3557.000000, 0.000000
185, 733.000000, 2176.000000, 4974.000000, 2015.000000, 2298.000000, 4156.000000, 2361.000000, 5100.000000, 0.000000
186, 706.000000, 2781.000000, 2680.000000, 1274.000000, 2321.000000, 7617.000000, 2092.000000, 4315.000000, 0.000000
187, 733.000000, 1640.000000, 7336.000000, 1952.000000, 2581.000000, 3369.000000, 2172.000000, 4030.000000, 0.000000
188, 811.000000, 2080.000000, 3045.000000, 2077.000000, 2134.000000, 7228.000000, 2020.000000, 4496.000000, 0.000000
189, 760.000000, 2918.000000, 7075.000000, 1579.000000, 2520.000000, 3796.000000, 728.000000, 4464.000000, 0.000000
190, 786.000000, 2205.000000, 3141.000000, 2290.000000, 2026.000000, 6225.000000, 2437.000000, 4756.000000, 0.000000
191, 686.000000, 2863.000000, 4441.000000, 1211.000000, 2758.000000, 4878.000000, 2758.000000, 4171.000000, 0.000000
192, 677.000000, 2185.000000, 4056.000000, 2590.000000, 2045.000000, 5591.000000, 1875.000000, 4738.000000, 0.000000
193, 668.000000, 3008.000000, 2211.000000, 1831.000000, 1796.000000, 6150.000000, 2867.000000, 5217.000000, 0.000000
194, 749.000000, 2345.000000, 7611.000000, 2095.000000, 2526.000000, 5053.000000, 893.000000, 2557.000000, 0.000000
195, 754.000000, 2022.000000, 3458.000000, 2663.000000, 2173.000000, 5020.000000, 2663.000000, 5081.000000, 0.000000
196, 762.000000, 2426.000000, 4785.000000, 1241.000000, 2150.000000, 6421.000000, 1726.000000, 4331.000000, 0.000000
197, 658.000000, 1616.000000, 2876.000000, 2981.000000, 2876.000000, 4840.000000, 2876.000000, 5015.000000, 0.000000
198, 753.000000, 2087.000000, 6927.000000, 2390.000000, 2390.000000, 5670.000000, 1195.000000, 2421.000000, 0.000000
199, 719.000000, 2411.000000, 3434.000000, 2407.000000, 2407.000000, 3819.000000, 2792.000000, 5810.000000, 0.000000
200, 672.000000, 3472.000000, 2816.000000, 1717.000000, 2026.000000, 6353.000000, 2678.000000, 4018.000000, 0.000000
201, 622.000000, 1449.000000, 2820.000000, 2782.000000, 2968.000000, 4898.000000, 3154.000000, 5009.000000, 0.000000
202, 648.000000, 2532.000000, 2706.000000, 2849.000000, 2208.000000, 6339.000000, 1887.000000, 4559.000000, 0.000000
203, 604.000000, 3175.000000, 2674.000000, 1719.000000, 2980.000000, 5273.000000, 2789.000000, 4470.000000, 0.000000
204, 671.000000, 2927.000000, 5881.000000, 1169.000000, 2923.000000, 4987.000000, 1582.000000, 3611.000000, 0.000000
205, 695.000000, 3191.000000, 2723.000000, 1726.000000, 2889.000000, 5678.000000, 2756.000000, 4117.000000, 0.000000
206, 772.000000, 1857.000000, 6756.000000, 747.000000, 2660.000000, 5321.000000, 1913.000000, 3826.000000, 0.000000
207, 724.000000, 3287.000000, 3410.000000, 2645.000000, 2327.000000, 5674.000000, 2390.000000, 3347.000000, 0.000000
208, 714.000000, 2072.000000, 4040.000000, 1939.000000, 2230.000000, 4881.000000, 2068.000000, 5850.000000, 0.000000
209, 715.000000, 2650.000000, 4874.000000, 1710.000000, 2227.000000, 6843.000000, 1613.000000, 3163.000000, 0.000000
210, 649.000000, 1035.000000, 2702.000000, 3093.000000, 2773.000000, 4445.000000, 2596.000000, 6436.000000, 0.000000
211, 655.000000, 2576.000000, 6976.000000, 2748.000000, 2572.000000, 2466.000000, 1620.000000, 4122.000000, 0.000000
212, 791.000000, 2075.000000, 2742.000000, 2275.000000, 1867.000000, 7207.000000, 2421.000000, 4493.000000, 0.000000
213, 640.000000, 3320.000000, 3389.000000, 2308.000000, 3209.000000, 4075.000000, 2308.000000, 4471.000000, 0.000000
214, 706.000000, 2847.000000, 4086.000000, 1634.000000, 1863.000000, 6047.000000, 1798.000000, 4805.000000, 0.000000
215, 654.000000, 1627.000000, 3987.000000, 2576.000000, 2576.000000, 5575.000000, 2505.000000, 4234.000000, 0.000000
216, 717.000000, 2675.000000, 5729.000000, 1995.000000, 1223.000000, 5504.000000, 1480.000000, 4474.000000, 0.000000
217, 692.000000, 3304.000000, 2935.000000, 2534.000000, 2134.000000, 5036.000000, 2001.000000, 5136.000000, 0.000000
218, 750.000000, 2249.000000, 5693.000000, 1600.000000, 2615.000000, 6308.000000, 1261.000000, 3354.000000, 0.000000
219, 652.000000, 2764.000000, 3115.000000, 2654.000000, 2938.000000, 3539.000000, 3008.000000, 5062.000000, 0.000000
220, 675.000000, 2362.000000, 2598.000000, 2906.000000, 2427.000000, 7488.000000, 2598.000000, 2701.000000, 0.000000
221, 739.000000, 1564.000000, 7276.000000, 2342.000000, 2154.000000, 3123.000000, 1218.000000, 5403.000000, 0.000000
222, 828.000000, 2512.000000, 2982.000000, 2369.000000, 2090.000000, 8083.000000, 2313.000000, 2731.000000, 0.000000
223, 690.000000, 1674.000000, 1940.000000, 2910.000000, 2843.000000, 4181.000000, 2976.000000, 6556.000000, 0.000000
224, 697.000000, 2355.000000, 7251.000000, 2947.000000, 1986.000000, 3112.000000, 1953.000000, 3476.000000, 0.000000
225, 731.000000, 2971.000000, 3157.000000, 2241.000000, 2083.000000, 4767.000000, 2620.000000, 5241.000000, 0.000000
226, 815.000000, 2071.000000, 6400.000000, 1755.000000, 1415.000000, 6201.000000, 1302.000000, 3936.000000, 0.000000
227, 709.000000, 2444.000000, 3483.000000, 2897.000000, 2213.000000, 4296.000000, 2832.000000, 4915.000000, 0.000000
228, 798.000000, 2577.000000, 6536.000000, 925.000000, 2169.000000, 5726.000000, 1127.000000, 4020.000000, 0.000000
229, 713.000000, 2237.000000, 3463.000000, 2816.000000, 2524.000000, 5114.000000, 2654.000000, 4272.000000, 0.000000
230, 705.000000, 2785.000000, 3077.000000, 1702.000000, 1735.000000, 7169.000000, 2553.000000, 4059.000000, 0.000000
231, 651.000000, 1101.000000, 4006.000000, 2765.000000, 3013.000000, 4892.000000, 2517.000000, 4786.000000, 0.000000
232, 630.000000, 2678.000000, 4359.000000, 2930.000000, 2271.000000, 5531.000000, 2417.000000, 2894.000000, 0.000000
233, 681.000000, 1393.000000, 4914.000000, 2880.000000, 2304.000000, 5354.000000, 1525.000000, 4710.000000, 0.000000
234, 707.000000, 2255.000000, 2481.000000, 2448.000000, 2252.000000, 7149.000000, 2676.000000, 3819.000000, 0.000000
235, 664.000000, 1322.000000, 5040.000000, 2850.000000, 2885.000000, 3719.000000, 2155.000000, 5109.000000, 0.000000
236, 686.000000, 2761.000000, 3162.000000, 1211.000000, 1985.000000, 6897.000000, 2388.000000, 4676.000000, 0.000000
237, 575.000000, 1849.000000, 2328.000000, 3010.000000, 3291.000000, 4294.000000, 3612.000000, 4696.000000, 0.000000
238, 646.000000, 1289.000000, 4930.000000, 2929.000000, 1965.000000, 3358.000000, 2679.000000, 5930.000000, 0.000000
239, 702.000000, 2272.000000, 2301.000000, 2235.000000, 2235.000000, 8120.000000, 2334.000000, 3583.000000, 0.000000
240, 615.000000, 2592.000000, 1726.000000, 2589.000000, 2927.000000, 4240.000000, 3077.000000, 5929.000000, 0.000000
241, 723.000000, 1536.000000, 6320.000000, 2617.000000, 2266.000000, 5682.000000, 1659.000000, 3000.000000, 0.000000
242, 727.000000, 2860.000000, 2984.000000, 1873.000000, 2412.000000, 6285.000000, 2476.000000, 4190.000000, 0.000000
243, 632.000000, 2340.000000, 2556.000000, 2775.000000, 2848.000000, 4820.000000, 2519.000000, 5222.000000, 0.000000
244, 693.000000, 1900.000000, 4596.000000, 2597.000000, 1765.000000, 4596.000000, 1598.000000, 6028.000000, 0.000000
245, 653.000000, 2089.000000, 2474.000000, 2933.000000, 2756.000000, 4877.000000, 2756.000000, 5195.000000, 0.000000
246, 717.000000, 1774.000000, 5085.000000, 2446.000000, 1995.000000, 5729.000000, 1706.000000, 4345.000000, 0.000000
247, 653.000000, 3325.000000, 2898.000000, 1943.000000, 2686.000000, 5124.000000, 3393.000000, 3711.000000, 0.000000
248, 638.000000, 2498.000000, 2532.000000, 2821.000000, 2749.000000, 4992.000000, 1917.000000, 5571.000000, 0.000000
249, 700.000000, 1355.000000, 6528.000000, 2637.000000, 1351.000000, 3099.000000, 2406.000000, 5704.000000, 0.000000
250, 758.000000, 2104.000000, 2862.000000, 2314.000000, 2496.000000, 8616.000000, 1826.000000, 2862.000000, 0.000000
251, 695.000000, 2726.000000, 6807.000000, 3055.000000, 1992.000000, 4151.000000, 2357.000000, 1992.000000, 0.000000
252, 776.000000, 2234.000000, 2795.000000, 1844.000000, 2319.000000, 5888.000000, 2171.000000, 5829.000000, 0.000000
253, 688.000000, 2688.000000, 3354.000000, 2515.000000, 2515.000000, 6206.000000, 2515.000000, 3287.000000, 0.000000
254, 700.000000, 2114.000000, 4978.000000, 2340.000000, 1945.000000, 4352.000000, 1516.000000, 5835.000000, 0.000000
255, 682.000000, 2778.000000, 2571.000000, 1082.000000, 2707.000000, 7885.000000, 2098.000000, 3959.000000, 0.000000
256, 703.000000, 2498.000000, 6960.000000, 952.000000, 1937.000000, 3709.000000, 2330.000000, 4694.000000, 0.000000
257, 725.000000, 2390.000000, 3183.000000, 2705.000000, 2101.000000, 6971.000000, 2483.000000, 3247.000000, 0.000000
258, 659.000000, 2315.000000, 4833.000000, 2976.000000, 2976.000000, 3502.000000, 1330.000000, 5148.000000, 0.000000
259, 618.000000, 2915.000000, 2614.000000, 3361.000000, 1717.000000, 3062.000000, 3361.000000, 6050.000000, 0.000000
260, 715.000000, 2134.000000, 7295.000000, 2291.000000, 2453.000000, 3453.000000, 1097.000000, 4357.000000, 0.000000
261, 805.000000, 1895.000000, 3067.000000, 2551.000000, 2236.000000, 7913.000000, 2293.000000, 3125.000000, 0.000000
262, 668.000000, 2527.000000, 2003.000000, 2694.000000, 2694.000000, 4111.000000, 2694.000000, 6357.000000, 0.000000
263, 797.000000, 1104.000000, 6341.000000, 1708.000000, 1737.000000, 5733.000000, 1998.000000, 4459.000000, 0.000000
264, 723.000000, 2940.000000, 3192.000000, 1883.000000, 2936.000000, 5905.000000, 1915.000000, 4309.000000, 0.000000
265, 678.000000, 2488.000000, 2791.000000, 2008.000000, 2961.000000, 6297.000000, 1804.000000, 4731.000000, 0.000000
266, 656.000000, 2573.000000, 4397.000000, 1618.000000, 2673.000000, 4397.000000, 2110.000000, 5312.000000, 0.000000
267, 673.000000, 2814.000000, 2400.000000, 2332.000000, 1543.000000, 7990.000000, 2126.000000, 3875.000000, 0.000000
268, 645.000000, 2437.000000, 4938.000000, 2969.000000, 1860.000000, 4043.000000, 1860.000000, 4973.000000, 0.000000
269, 729.000000, 2536.000000, 3387.000000, 1677.000000, 1519.000000, 8263.000000, 1298.000000, 4400.000000, 0.000000
270, 643.000000, 2551.000000, 4056.000000, 2871.000000, 1794.000000, 4271.000000, 1866.000000, 5671.000000, 0.000000
271, 675.000000, 1166.000000, 5607.000000, 2906.000000, 2803.000000, 4718.000000, 1641.000000, 4239.000000, 0.000000
272, 681.000000, 2816.000000, 2779.000000, 2406.000000, 982.000000, 6269.000000, 3253.000000, 4575.000000, 0.000000
273, 663.000000, 2405.000000, 5500.000000, 2784.000000, 2367.000000, 5047.000000, 2088.000000, 2889.000000, 0.000000
274, 641.000000, 2704.000000, 2952.000000, 2700.000000, 2232.000000, 4068.000000, 2988.000000, 5436.000000, 0.000000
275, 711.000000, 2470.000000, 3668.000000, 1168.000000, 2369.000000, 7790.000000, 2434.000000, 3181.000000, 0.000000
276, 622.000000, 2527.000000, 2374.000000, 1447.000000, 2782.000000, 4415.000000, 2968.000000, 6567.000000, 0.000000
277, 679.000000, 2008.000000, 5574.000000, 2821.000000, 2039.000000, 5812.000000, 1767.000000, 3059.000000, 0.000000
278, 655.000000, 2328.000000, 2889.000000, 2572.000000, 2114.000000, 4651.000000, 2572.000000, 5954.000000, 0.000000
279, 761.000000, 1519.000000, 7278.000000, 1789.000000, 2365.000000, 5186.000000, 1304.000000, 3639.000000, 0.000000
280, 769.000000, 2704.000000, 3211.000000, 1800.000000, 2341.000000, 6152.000000, 2461.000000, 4411.000000, 0.000000
281, 664.000000, 2297.000000, 2016.000000, 2363.000000, 2398.000000, 5491.000000, 3024.000000, 5491.000000, 0.000000
282, 691.000000, 2006.000000, 7080.000000, 2672.000000, 2204.000000, 3340.000000, 1770.000000, 4008.000000, 0.000000
283, 805.000000, 2095.000000, 2867.000000, 2035.000000, 1949.000000, 7483.000000, 2236.000000, 4415.000000, 0.000000
284, 652.000000, 3261.000000, 3539.000000, 2123.000000, 3150.000000, 4212.000000, 2123.000000, 4672.000000, 0.000000
285, 774.000000, 2180.000000, 6112.000000, 1222.000000, 2176.000000, 6530.000000, 1282.000000, 3578.000000, 0.000000
286, 701.000000, 2242.000000, 3094.000000, 2271.000000, 2930.000000, 4543.000000, 2798.000000, 5202.000000, 0.000000
287, 732.000000, 2178.000000, 4571.000000, 2585.000000, 2144.000000, 6022.000000, 1072.000000, 4508.000000, 0.000000
288, 641.000000, 3136.000000, 2736.000000, 1404.000000, 2808.000000, 5436.000000, 2808.000000, 4752.000000, 0.000000
289, 654.000000, 2685.000000, 5575.000000, 2752.000000, 2646.000000, 3529.000000, 1129.000000, 4764.000000, 0.000000
290, 716.000000, 2452.000000, 2643.000000, 2127.000000, 805.000000, 8413.000000, 2643.000000, 3997.000000, 0.000000
291, 768.000000, 2196.000000, 7212.000000, 2404.000000, 751.000000, 3576.000000, 2193.000000, 4748.000000, 0.000000
292, 862.000000, 2092.000000, 2864.000000, 1767.000000, 1338.000000, 8567.000000, 2409.000000, 4043.000000, 0.000000
293, 745.000000, 1985.000000, 5080.000000, 2695.000000, 2850.000000, 4275.000000, 1641.000000, 4554.000000, 0.000000
294, 696.000000, 2655.000000, 2719.000000, 2984.000000, 1293.000000, 6333.000000, 2487.000000, 4609.000000, 0.000000
295, 695.000000, 2760.000000, 5446.000000, 2955.000000, 2058.000000, 5246.000000, 2125.000000, 2490.000000, 0.000000
296, 657.000000, 3305.000000, 2880.000000, 3231.000000, 3056.000000, 5761.000000, 2318.000000, 2529.000000, 0.000000
297, 645.000000, 2292.000000, 4938.000000, 3363.000000, 2719.000000, 5403.000000, 2612.000000, 1753.000000, 0.000000
298, 662.000000, 2096.000000, 2440.000000, 2091.000000, 2405.000000, 5264.000000, 2091.000000, 6693.000000, 0.000000
299, 739.000000, 1878.000000, 7276.000000, 2560.000000, 1342.000000, 2373.000000, 2717.000000, 4934.000000, 0.000000
300, 850.000000, 2040.000000, 4453.000000, 1846.000000, 352.000000, 8064.000000, 1927.000000, 4398.000000, 0.000000
301, 666.000000, 2707.000000, 3915.000000, 2529.000000, 2633.000000, 4574.000000, 2148.000000, 4574.000000, 0.000000
302, 647.000000, 2607.000000, 2283.000000, 3103.000000, 2711.000000, 6099.000000, 1854.000000, 4423.000000, 0.000000
303, 654.000000, 2933.000000, 4411.000000, 2893.000000, 1940.000000, 6281.000000, 2082.000000, 2540.000000, 0.000000
304, 662.000000, 1362.000000, 3486.000000, 2161.000000, 2545.000000, 4602.000000, 2091.000000, 6833.000000, 0.000000
305, 627.000000, 2690.000000, 5079.000000, 2944.000000, 2098.000000, 4380.000000, 2282.000000, 3607.000000, 0.000000
306, 644.000000, 2943.000000, 2508.000000, 2544.000000, 1863.000000, 4479.000000, 2687.000000, 6056.000000, 0.000000
307, 695.000000, 1364.000000, 5446.000000, 1992.000000, 2291.000000, 5446.000000, 2656.000000, 3885.000000, 0.000000
308, 677.000000, 2356.000000, 2795.000000, 2795.000000, 2727.000000, 5829.000000, 2590.000000, 3988.000000, 0.000000
309, 673.000000, 2506.000000, 3223.000000, 2194.000000, 1406.000000, 5864.000000, 2983.000000, 4904.000000, 0.000000
310, 702.000000, 2863.000000, 4537.000000, 1643.000000, 1578.000000, 6279.000000, 1742.000000, 4438.000000, 0.000000
311, 643.000000, 1402.000000, 2512.000000, 2620.000000, 2943.000000, 4953.000000, 3230.000000, 5420.000000, 0.000000
312, 700.000000, 1717.000000, 6528.000000, 2736.000000, 2340.000000, 2308.000000, 1978.000000, 5473.000000, 0.000000
313, 830.000000, 2034.000000, 2613.000000, 2029.000000, 1890.000000, 8898.000000, 2280.000000, 3336.000000, 0.000000
314, 797.000000, 1914.000000, 6950.000000, 723.000000, 2403.000000, 3996.000000, 1969.000000, 5125.000000, 0.000000
315, 740.000000, 2279.000000, 3337.000000, 2775.000000, 2339.000000, 5770.000000, 2931.000000, 3649.000000, 0.000000
316, 719.000000, 2186.000000, 4654.000000, 2503.000000, 1990.000000, 4847.000000, 1829.000000, 5071.000000, 0.000000
317, 683.000000, 3348.000000, 3818.000000, 1926.000000, 1757.000000, 6251.000000, 1790.000000, 4190.000000, 0.000000
318, 654.000000, 1344.000000, 3987.000000, 2646.000000, 2752.000000, 5117.000000, 2329.000000, 4905.000000, 0.000000
319, 759.000000, 2496.000000, 7085.000000, 1946.000000, 1155.000000, 5412.000000, 1094.000000, 3892.000000, 0.000000
320, 820.000000, 2535.000000, 3011.000000, 2336.000000, 1548.000000, 6164.000000, 2392.000000, 5094.000000, 0.000000
321, 774.000000, 2478.000000, 6947.000000, 954.000000, 2594.000000, 4502.000000, 1789.000000, 3816.000000, 0.000000
322, 773.000000, 2034.000000, 3194.000000, 2537.000000, 2448.000000, 5702.000000, 2657.000000, 4508.000000, 0.000000
323, 807.000000, 2091.000000, 8293.000000, 2631.000000, 1773.000000, 4690.000000, 1229.000000, 2373.000000, 0.000000
324, 741.000000, 2432.000000, 3893.000000, 2990.000000, 2273.000000, 4703.000000, 2927.000000, 3862.000000, 0.000000
325, 682.000000, 2573.000000, 3621.000000, 2538.000000, 2301.000000, 4907.000000, 2301.000000, 4839.000000, 0.000000
326, 658.000000, 2423.000000, 2665.000000, 2420.000000, 2981.000000, 6243.000000, 1613.000000, 4735.000000, 0.000000
327, 575.000000, 2852.000000, 1846.000000, 3492.000000, 3010.000000, 5539.000000, 3331.000000, 3010.000000, 0.000000
328, 826.000000, 1735.000000, 8522.000000, 866.000000, 1983.000000, 4051.000000, 1285.000000, 4638.000000, 0.000000
329, 830.000000, 2617.000000, 3670.000000, 1890.000000, 2280.000000, 6479.000000, 2808.000000, 3336.000000, 0.000000
330, 676.000000, 2358.000000, 3209.000000, 2731.000000, 2663.000000, 3653.000000, 2048.000000, 6418.000000, 0.000000
331, 671.000000, 1344.000000, 2820.000000, 2614.000000, 2373.000000, 6810.000000, 2992.000000, 4127.000000, 0.000000
332, 760.000000, 2160.000000, 7288.000000, 1396.000000, 1609.000000, 4585.000000, 1366.000000, 4676.000000, 0.000000
333, 767.000000, 2290.000000, 3219.000000, 1805.000000, 2467.000000, 5958.000000, 2467.000000, 4874.000000, 0.000000
334, 705.000000, 2621.000000, 5598.000000, 2389.000000, 1735.000000, 5172.000000, 2488.000000, 3077.000000, 0.000000
335, 718.000000, 3251.000000, 2635.000000, 1221.000000, 3085.000000, 5078.000000, 1896.000000, 5914.000000, 0.000000
336, 648.000000, 2923.000000, 1852.000000, 2706.000000, 2706.000000, 6589.000000, 2956.000000, 3348.000000, 0.000000
337, 775.000000, 2386.000000, 7772.000000, 1757.000000, 1548.000000, 3722.000000, 863.000000, 5032.000000, 0.000000
338, 816.000000, 2351.000000, 3365.000000, 1272.000000, 2347.000000, 7580.000000, 1697.000000, 4468.000000, 0.000000
339, 665.000000, 3439.000000, 4789.000000, 1596.000000, 2221.000000, 5032.000000, 2880.000000, 3123.000000, 0.000000
340, 676.000000, 2188.000000, 2389.000000, 2492.000000, 2424.000000, 5599.000000, 1809.000000, 6179.000000, 0.000000
341, 749.000000, 1329.000000, 7179.000000, 2557.000000, 2033.000000, 2526.000000, 2341.000000, 5115.000000, 0.000000
342, 773.000000, 2332.000000, 3194.000000, 2687.000000, 2448.000000, 7165.000000, 2657.000000, 2597.000000, 0.000000
343, 681.000000, 2307.000000, 3626.000000, 2812.000000, 2474.000000, 3626.000000, 1864.000000, 6371.000000, 0.000000
344, 682.000000, 2337.000000, 4907.000000, 2538.000000, 2098.000000, 5110.000000, 2030.000000, 4060.000000, 0.000000
345, 673.000000, 2506.000000, 2606.000000, 2366.000000, 1646.000000, 6104.000000, 2674.000000, 5178.000000, 0.000000
346, 687.000000, 2019.000000, 7122.000000, 1847.000000, 2687.000000, 4199.000000, 2284.000000, 2922.000000, 0.000000
347, 736.000000, 2355.000000, 3135.000000, 2445.000000, 1850.000000, 5801.000000, 2665.000000, 4829.000000, 0.000000
348, 730.000000, 2911.000000, 6924.000000, 2181.000000, 2244.000000, 4995.000000, 1201.000000, 2624.000000, 0.000000
349, 732.000000, 2147.000000, 3153.000000, 2396.000000, 2144.000000, 5170.000000, 2364.000000, 5706.000000, 0.000000
350, 707.000000, 2549.000000, 3884.000000, 2448.000000, 2252.000000, 6235.000000, 1403.000000, 4309.000000, 0.000000
351, 637.000000, 2321.000000, 2318.000000, 2572.000000, 2971.000000, 5000.000000, 2717.000000, 5181.000000, 0.000000
352, 679.000000, 1464.000000, 5812.000000, 2787.000000, 2583.000000, 2379.000000, 2175.000000, 5880.000000, 0.000000
353, 757.000000, 2077.000000, 2500.000000, 2225.000000, 2164.000000, 8170.000000, 1463.000000, 4481.000000, 0.000000
354, 592.000000, 2849.000000, 2495.000000, 2690.000000, 3235.000000, 4873.000000, 3118.000000, 3820.000000, 0.000000
355, 747.000000, 2105.000000, 4881.000000, 1853.000000, 1977.000000, 6766.000000, 957.000000, 4541.000000, 0.000000
356, 620.000000, 2385.000000, 3052.000000, 2233.000000, 3164.000000, 4913.000000, 2308.000000, 5025.000000, 0.000000
357, 742.000000, 1217.000000, 6376.000000, 2052.000000, 2146.000000, 5318.000000, 1275.000000, 4696.000000, 0.000000
358, 689.000000, 2214.000000, 3148.000000, 3014.000000, 1976.000000, 5962.000000, 2847.000000, 3919.000000, 0.000000
359, 728.000000, 2475.000000, 5643.000000, 1014.000000, 2377.000000, 5009.000000, 1680.000000, 4882.000000, 0.000000
360, 663.000000, 2718.000000, 3063.000000, 3133.000000, 1496.000000, 5709.000000, 2889.000000, 4072.000000, 0.000000
361, 668.000000, 2871.000000, 3904.000000, 1554.000000, 1831.000000, 5009.000000, 2694.000000, 5217.000000, 0.000000
362, 674.000000, 2366.000000, 2191.000000, 1575.000000, 2602.000000, 7738.000000, 2499.000000, 4109.000000, 0.000000
363, 643.000000, 2624.000000, 4953.000000, 2799.000000, 1974.000000, 3840.000000, 2045.000000, 4845.000000, 0.000000
364, 725.000000, 2262.000000, 2228.000000, 1878.000000, 1750.000000, 9232.000000, 2483.000000, 3247.000000, 0.000000
365, 746.000000, 1983.000000, 6125.000000, 680.000000, 2536.000000, 3867.000000, 2413.000000, 5476.000000, 0.000000
366, 766.000000, 2263.000000, 2832.000000, 2772.000000, 1807.000000, 8074.000000, 2621.000000, 2711.000000, 0.000000
367, 778.000000, 1960.000000, 6912.000000, 2729.000000, 2462.000000, 3530.000000, 1364.000000, 4123.000000, 0.000000
368, 784.000000, 2623.000000, 3149.000000, 2031.000000, 2149.000000, 6034.000000, 2443.000000, 4651.000000, 0.000000
369, 675.000000, 2330.000000, 3863.000000, 2837.000000, 2974.000000, 4957.000000, 1880.000000, 4239.000000, 0.000000
370, 667.000000, 2599.000000, 2214.000000, 2837.000000, 2456.000000, 6159.000000, 2525.000000, 4290.000000, 0.000000
371, 744.000000, 2546.000000, 6793.000000, 1861.000000, 1706.000000, 4498.000000, 1116.000000, 4560.000000, 0.000000
372, 748.000000, 2347.000000, 3085.000000, 1851.000000, 2345.000000, 7189.000000, 2900.000000, 3363.000000, 0.000000
373, 689.000000, 2281.000000, 4622.000000, 2612.000000, 2378.000000, 3584.000000, 1540.000000, 6063.000000, 0.000000
374, 632.000000, 1938.000000, 2556.000000, 3104.000000, 1643.000000, 4564.000000, 3505.000000, 5770.000000, 0.000000
375, 607.000000, 1830.000000, 4752.000000, 3231.000000, 3041.000000, 2889.000000, 2623.000000, 4714.000000, 0.000000
376, 690.000000, 2746.000000, 2341.000000, 2140.000000, 1906.000000, 8261.000000, 2542.000000, 3144.000000, 0.000000
377, 667.000000, 2356.000000, 6159.000000, 1487.000000, 2768.000000, 3910.000000, 2629.000000, 3771.000000, 0.000000
378, 727.000000, 2195.000000, 2793.000000, 1968.000000, 2412.000000, 6285.000000, 2634.000000, 4793.000000, 0.000000
379, 609.000000, 2884.000000, 3335.000000, 2690.000000, 3145.000000, 3562.000000, 2614.000000, 4850.000000, 0.000000
380, 634.000000, 2661.000000, 1892.000000, 2912.000000, 2511.000000, 7717.000000, 2766.000000, 2621.000000, 0.000000
381, 715.000000, 1165.000000, 6843.000000, 1388.000000, 2420.000000, 3227.000000, 2453.000000, 5584.000000, 0.000000
382, 775.000000, 2027.000000, 2978.000000, 2322.000000, 2442.000000, 8219.000000, 1846.000000, 3246.000000, 0.000000
383, 738.000000, 2162.000000, 6411.000000, 2720.000000, 2720.000000, 3721.000000, 2282.000000, 3064.000000, 0.000000
384, 747.000000, 2352.000000, 2904.000000, 2317.000000, 2409.000000, 5499.000000, 2131.000000, 5468.000000, 0.000000
385, 757.000000, 2534.000000, 6036.000000, 1798.000000, 1890.000000, 5640.000000, 1402.000000, 3780.000000, 0.000000
386, 712.000000, 2692.000000, 3047.000000, 1620.000000, 2755.000000, 5316.000000, 2885.000000, 4765.000000, 0.000000
387, 658.000000, 3055.000000, 2665.000000, 2876.000000, 1017.000000, 6243.000000, 3121.000000, 4103.000000, 0.000000
388, 676.000000, 1573.000000, 5155.000000, 2424.000000, 2424.000000, 4062.000000, 2048.000000, 5394.000000, 0.000000
389, 697.000000, 2420.000000, 2516.000000, 2748.000000, 2715.000000, 6556.000000, 2251.000000, 3874.000000, 0.000000
390, 711.000000, 2535.000000, 5550.000000, 1915.000000, 1785.000000, 4284.000000, 2012.000000, 4999.000000, 0.000000
391, 691.000000, 2308.000000, 2738.000000, 2738.000000, 2004.000000, 6379.000000, 2905.000000, 4008.000000, 0.000000
392, 758.000000, 2440.000000, 7733.000000, 2709.000000, 2283.000000, 4810.000000, 1035.000000, 2070.000000, 0.000000
393, 761.000000, 2096.000000, 3427.000000, 2729.000000, 2062.000000, 4791.000000, 2941.000000, 5034.000000, 0.000000
394, 707.000000, 2942.000000, 2676.000000, 2023.000000, 1697.000000, 7149.000000, 2546.000000, 4047.000000, 0.000000
395, 664.000000, 1359.000000, 4588.000000, 2155.000000, 2780.000000, 3927.000000, 2780.000000, 5491.000000, 0.000000
396, 719.000000, 2218.000000, 3017.000000, 2214.000000, 1701.000000, 8153.000000, 1444.000000, 4333.000000, 0.000000
397, 631.000000, 2197.000000, 4572.000000, 2926.000000, 3035.000000, 4572.000000, 1645.000000, 4133.000000, 0.000000
398, 629.000000, 3195.000000, 2568.000000, 3008.000000, 2862.000000, 6274.000000, 2678.000000, 2495.000000, 0.000000
399, 657.000000, 2322.000000, 3758.000000, 3056.000000, 2107.000000, 4847.000000, 1826.000000, 5164.000000, 0.000000
400, 723.000000, 2493.000000, 5458.000000, 1213.000000, 2426.000000, 6320.000000, 1436.000000, 3734.000000, 0.000000
401, 622.000000, 2897.000000, 3042.000000, 2449.000000, 2968.000000, 3487.000000, 2523.000000, 5714.000000, 0.000000
402, 732.000000, 855.000000, 4981.000000, 2585.000000, 2175.000000, 4981.000000, 2175.000000, 5328.000000, 0.000000
403, 683.000000, 3113.000000, 2770.000000, 1689.000000, 1993.000000, 6014.000000, 2534.000000, 4967.000000, 0.000000
404, 722.000000, 1473.000000, 6105.000000, 1694.000000, 2397.000000, 5466.000000, 2205.000000, 3740.000000, 0.000000
405, 744.000000, 2919.000000, 2916.000000, 1644.000000, 2140.000000, 6793.000000, 2357.000000, 4311.000000, 0.000000
406, 681.000000, 2308.000000, 5795.000000, 2948.000000, 2880.000000, 3389.000000, 1050.000000, 4710.000000, 0.000000
407, 743.000000, 2146.000000, 2547.000000, 2143.000000, 1708.000000, 6802.000000, 2578.000000, 5156.000000, 0.000000
408, 774.000000, 2269.000000, 7782.000000, 2802.000000, 2445.000000, 4115.000000, 1073.000000, 2594.000000, 0.000000
409, 820.000000, 2395.000000, 3349.000000, 2645.000000, 2195.000000, 7543.000000, 2505.000000, 2448.000000, 0.000000
410, 682.000000, 2405.000000, 3384.000000, 3113.000000, 2571.000000, 4027.000000, 1861.000000, 5719.000000, 0.000000
411, 672.000000, 2133.000000, 1992.000000, 2060.000000, 1957.000000, 6353.000000, 3159.000000, 5426.000000, 0.000000
412, 728.000000, 2254.000000, 7386.000000, 982.000000, 2187.000000, 5009.000000, 2409.000000, 2853.000000, 0.000000
413, 799.000000, 2054.000000, 3090.000000, 2166.000000, 1906.000000, 5719.000000, 2599.000000, 5546.000000, 0.000000
414, 776.000000, 2946.000000, 6721.000000, 1368.000000, 1844.000000, 4699.000000, 1487.000000, 4015.000000, 0.000000
415, 809.000000, 2485.000000, 3052.000000, 1683.000000, 2567.000000, 7446.000000, 1882.000000, 3965.000000, 0.000000
416, 683.000000, 1320.000000, 5102.000000, 2568.000000, 2872.000000, 4021.000000, 3007.000000, 4190.000000, 0.000000
417, 781.000000, 2100.000000, 2245.000000, 2630.000000, 2098.000000, 8570.000000, 1891.000000, 3546.000000, 0.000000
418, 754.000000, 2390.000000, 4836.000000, 2295.000000, 2448.000000, 3826.000000, 2112.000000, 5173.000000, 0.000000
419, 679.000000, 3028.000000, 2787.000000, 2719.000000, 2549.000000, 4928.000000, 1699.000000, 5370.000000, 0.000000
420, 735.000000, 2391.000000, 5149.000000, 1884.000000, 1946.000000, 6876.000000, 1632.000000, 3202.000000, 0.000000
421, 678.000000, 2591.000000, 2791.000000, 1395.000000, 2825.000000, 5378.000000, 2348.000000, 5752.000000, 0.000000
422, 690.000000, 2377.000000, 4616.000000, 2609.000000, 1304.000000, 6622.000000, 2542.000000, 3010.000000, 0.000000
423, 675.000000, 823.000000, 4274.000000, 2667.000000, 2735.000000, 4274.000000, 2119.000000, 6188.000000, 0.000000
424, 651.000000, 2343.000000, 4679.000000, 2942.000000, 1276.000000, 3332.000000, 2091.000000, 6417.000000, 0.000000
425, 718.000000, 2413.000000, 2250.000000, 2346.000000, 2443.000000, 8164.000000, 2443.000000, 3021.000000, 0.000000
426, 733.000000, 1671.000000, 6014.000000, 1794.000000, 2518.000000, 3558.000000, 2676.000000, 4849.000000, 0.000000
427, 746.000000, 2323.000000, 2908.000000, 2753.000000, 2196.000000, 7425.000000, 1763.000000, 3712.000000, 0.000000
428, 715.000000, 2683.000000, 6391.000000, 1775.000000, 2517.000000, 3453.000000, 1032.000000, 5229.000000, 0.000000
429, 801.000000, 1991.000000, 2708.000000, 2593.000000, 2045.000000, 8557.000000, 2161.000000, 3025.000000, 0.000000
430, 791.000000, 2075.000000, 5573.000000, 1750.000000, 2275.000000, 3851.000000, 2392.000000, 5164.000000, 0.000000
431, 750.000000, 2342.000000, 2892.000000, 2677.000000, 2677.000000, 7385.000000, 1415.000000, 3692.000000, 0.000000
432, 716.000000, 2452.000000, 5963.000000, 2224.000000, 1837.000000, 4029.000000, 1611.000000, 4964.000000, 0.000000
433, 719.000000, 2218.000000, 2824.000000, 2728.000000, 2343.000000, 6131.000000, 2503.000000, 4333.000000, 0.000000
434, 653.000000, 2689.000000, 5124.000000, 2509.000000, 3004.000000, 3534.000000, 1696.000000, 4524.000000, 0.000000
435, 714.000000, 2654.000000, 2456.000000, 1325.000000, 1777.000000, 8436.000000, 2295.000000, 4137.000000, 0.000000
436, 671.000000, 2204.000000, 5641.000000, 1100.000000, 2820.000000, 4093.000000, 2820.000000, 4402.000000, 0.000000
437, 708.000000, 2317.000000, 2673.000000, 2770.000000, 2021.000000, 7367.000000, 2379.000000, 3553.000000, 0.000000
438, 629.000000, 2755.000000, 2128.000000, 1687.000000, 3045.000000, 5063.000000, 2605.000000, 5797.000000, 0.000000
439, 660.000000, 1751.000000, 6679.000000, 2902.000000, 2308.000000, 2447.000000, 1993.000000, 5000.000000, 0.000000
440, 833.000000, 2553.000000, 2604.000000, 1911.000000, 1523.000000, 9281.000000, 2078.000000, 3130.000000, 0.000000
441, 778.000000, 2465.000000, 6289.000000, 1216.000000, 2462.000000, 4301.000000, 2877.000000, 3470.000000, 0.000000
442, 757.000000, 2229.000000, 3048.000000, 2225.000000, 2073.000000, 6890.000000, 2012.000000, 4603.000000, 0.000000
443, 740.000000, 2560.000000, 5770.000000, 779.000000, 2651.000000, 4116.000000, 1341.000000, 5863.000000, 0.000000
444, 754.000000, 1902.000000, 2693.000000, 2754.000000, 2295.000000, 7989.000000, 2448.000000, 2999.000000, 0.000000
445, 739.000000, 1658.000000, 5340.000000, 1998.000000, 2592.000000, 3716.000000, 2592.000000, 5184.000000, 0.000000
446, 757.000000, 2320.000000, 2500.000000, 2439.000000, 1737.000000, 8414.000000, 1890.000000, 3780.000000, 0.000000
447, 627.000000, 2211.000000, 2576.000000, 2539.000000, 3055.000000, 4380.000000, 2503.000000, 5816.000000, 0.000000
448, 657.000000, 1831.000000, 5304.000000, 2669.000000, 1826.000000, 3512.000000, 2634.000000, 5304.000000, 0.000000
449, 698.000000, 2814.000000, 2513.000000, 1487.000000, 2744.000000, 7009.000000, 2281.000000, 4232.000000, 0.000000
450, 680.000000, 2651.000000, 4242.000000, 2308.000000, 1764.000000, 4683.000000, 1798.000000, 5634.000000, 0.000000
451, 663.000000, 2962.000000, 2436.000000, 2715.000000, 1810.000000, 7623.000000, 2401.000000, 3133.000000, 0.000000
452, 655.000000, 1871.000000, 5778.000000, 3136.000000, 2677.000000, 3523.000000, 1585.000000, 4510.000000, 0.000000
453, 768.000000, 2287.000000, 2464.000000, 1983.000000, 1652.000000, 8504.000000, 2344.000000, 3846.000000, 0.000000
454, 617.000000, 2248.000000, 1945.000000, 3104.000000, 3104.000000, 4675.000000, 2655.000000, 5349.000000, 0.000000
455, 739.000000, 1721.000000, 9275.000000, 2935.000000, 1624.000000, 2935.000000, 1405.000000, 3185.000000, 0.000000
456, 697.000000, 1824.000000, 4370.000000, 1490.000000, 2649.000000, 4370.000000, 2516.000000, 5861.000000, 0.000000
457, 726.000000, 2642.000000, 3973.000000, 2638.000000, 1017.000000, 7629.000000, 2320.000000, 2861.000000, 0.000000
458, 619.000000, 2576.000000, 2610.000000, 2721.000000, 2572.000000, 3989.000000, 2572.000000, 6040.000000, 0.000000
459, 727.000000, 2384.000000, 4793.000000, 1206.000000, 1746.000000, 6730.000000, 2031.000000, 4190.000000, 0.000000
460, 670.000000, 1830.000000, 4994.000000, 2376.000000, 1894.000000, 3685.000000, 2066.000000, 6235.000000, 0.000000
461, 691.000000, 2542.000000, 3774.000000, 2772.000000, 2738.000000, 7314.000000, 801.000000, 3139.000000, 0.000000
462, 630.000000, 2934.000000, 2344.000000, 2344.000000, 2198.000000, 4359.000000, 2271.000000, 6630.000000, 0.000000
463, 689.000000, 2147.000000, 5962.000000, 2746.000000, 2512.000000, 2143.000000, 2512.000000, 5058.000000, 0.000000
464, 788.000000, 2200.000000, 2577.000000, 2343.000000, 2079.000000, 8493.000000, 2196.000000, 3192.000000, 0.000000
465, 763.000000, 1817.000000, 5596.000000, 1512.000000, 2510.000000, 3781.000000, 2631.000000, 5233.000000, 0.000000
466, 751.000000, 2340.000000, 2704.000000, 2458.000000, 2304.000000, 7590.000000, 2335.000000, 3349.000000, 0.000000
467, 686.000000, 3166.000000, 5080.000000, 975.000000, 2085.000000, 4441.000000, 2792.000000, 4541.000000, 0.000000
468, 690.000000, 3381.000000, 2542.000000, 1906.000000, 2776.000000, 6388.000000, 2308.000000, 3779.000000, 0.000000
469, 696.000000, 1197.000000, 5670.000000, 1989.000000, 2586.000000, 3946.000000, 2818.000000, 4874.000000, 0.000000
470, 748.000000, 2100.000000, 2530.000000, 2530.000000, 1913.000000, 7837.000000, 2468.000000, 3702.000000, 0.000000
471, 691.000000, 1505.000000, 5277.000000, 2605.000000, 3006.000000, 3774.000000, 2137.000000, 4776.000000, 0.000000
472, 750.000000, 2095.000000, 2523.000000, 2308.000000, 1969.000000, 6739.000000, 2123.000000, 5323.000000, 0.000000
473, 671.000000, 3167.000000, 4540.000000, 1651.000000, 2510.000000, 4987.000000, 2201.000000, 4024.000000, 0.000000
474, 692.000000, 2004.000000, 2534.000000, 2768.000000, 1200.000000, 7771.000000, 2301.000000, 4502.000000, 0.000000
475, 643.000000, 3125.000000, 6137.000000, 2476.000000, 2297.000000, 4056.000000, 2297.000000, 2692.000000, 0.000000
476, 699.000000, 3107.000000, 2707.000000, 1419.000000, 957.000000, 6537.000000, 2509.000000, 5844.000000, 0.000000
477, 683.000000, 1626.000000, 6690.000000, 2770.000000, 3108.000000, 4460.000000, 1385.000000, 3041.000000, 0.000000
478, 748.000000, 2995.000000, 2900.000000, 1542.000000, 2561.000000, 6109.000000, 2098.000000, 4875.000000, 0.000000
479, 745.000000, 2543.000000, 5917.000000, 2044.000000, 1920.000000, 5297.000000, 1394.000000, 3965.000000, 0.000000
480, 698.000000, 2351.000000, 3108.000000, 2711.000000, 2050.000000, 4992.000000, 2876.000000, 4992.000000, 0.000000
481, 856.000000, 2214.000000, 7630.000000, 1348.000000, 1294.000000, 5904.000000, 835.000000, 3855.000000, 0.000000
482, 759.000000, 2375.000000, 3801.000000, 2371.000000, 2158.000000, 4409.000000, 2919.000000, 5047.000000, 0.000000
483, 730.000000, 2754.000000, 2213.000000, 1644.000000, 2244.000000, 8030.000000, 2402.000000, 3793.000000, 0.000000
484, 730.000000, 1426.000000, 7145.000000, 2149.000000, 2529.000000, 3572.000000, 2466.000000, 3793.000000, 0.000000
485, 800.000000, 2052.000000, 3086.000000, 2308.000000, 2192.000000, 7529.000000, 1788.000000, 4125.000000, 0.000000
486, 619.000000, 3061.000000, 2162.000000, 2311.000000, 3355.000000, 4437.000000, 2572.000000, 5182.000000, 0.000000
487, 686.000000, 1550.000000, 6224.000000, 2792.000000, 1614.000000, 3364.000000, 2456.000000, 5080.000000, 0.000000
488, 755.000000, 2173.000000, 2690.000000, 2170.000000, 2445.000000, 8192.000000, 1834.000000, 3576.000000, 0.000000
489, 770.000000, 2551.000000, 7403.000000, 2128.000000, 1858.000000, 3566.000000, 599.000000, 4975.000000, 0.000000
490, 845.000000, 2052.000000, 3086.000000, 2376.000000, 2048.000000, 7920.000000, 2321.000000, 3277.000000, 0.000000
491, 771.000000, 1650.000000, 6346.000000, 2484.000000, 2484.000000, 3741.000000, 1646.000000, 4729.000000, 0.000000
492, 804.000000, 2185.000000, 2870.000000, 2382.000000, 1636.000000, 7090.000000, 2583.000000, 4334.000000, 0.000000
493, 696.000000, 1362.000000, 5239.000000, 2586.000000, 2752.000000, 3946.000000, 2586.000000, 4609.000000, 0.000000
494, 781.000000, 2102.000000, 2423.000000, 2245.000000, 1536.000000, 8776.000000, 2216.000000, 3782.000000, 0.000000
495, 658.000000, 1826.000000, 2455.000000, 2174.000000, 2981.000000, 4630.000000, 2420.000000, 6594.000000, 0.000000
496, 713.000000, 1847.000000, 7089.000000, 2460.000000, 1715.000000, 3852.000000, 1845.000000, 4272.000000, 0.000000
497, 787.000000, 2085.000000, 2932.000000, 2199.000000, 2082.000000, 7243.000000, 2346.000000, 4193.000000, 0.000000
498, 691.000000, 2374.000000, 4609.000000, 2505.000000, 2772.000000, 3774.000000, 1903.000000, 5143.000000, 0.000000
499, 732.000000, 2588.000000, 2774.000000, 1734.000000, 914.000000, 8229.000000, 2806.000000, 4035.000000, 0.000000
500, 681.000000, 2240.000000, 5558.000000, 2643.000000, 2236.000000, 4033.000000, 2304.000000, 4066.000000, 0.000000
501, 713.000000, 2367.000000, 2654.000000, 2233.000000, 2427.000000, 6635.000000, 2006.000000, 4758.000000, 0.000000
502, 655.000000, 3140.000000, 4404.000000, 1867.000000, 2325.000000, 4404.000000, 2184.000000, 4756.000000, 0.000000
503, 770.000000, 1862.000000, 3566.000000, 1498.000000, 1768.000000, 8902.000000, 1438.000000, 4046.000000, 0.000000
504, 685.000000, 2530.000000, 6233.000000, 1381.000000, 2796.000000, 4447.000000, 2156.000000, 3537.000000, 0.000000
505, 736.000000, 3170.000000, 2759.000000, 1724.000000, 2163.000000, 6648.000000, 2383.000000, 4233.000000, 0.000000
506, 685.000000, 2024.000000, 4885.000000, 2796.000000, 2931.000000, 4447.000000, 1314.000000, 4683.000000, 0.000000
507, 678.000000, 2488.000000, 2587.000000, 3063.000000, 2042.000000, 5582.000000, 2825.000000, 4493.000000, 0.000000
508, 722.000000, 3071.000000, 5690.000000, 1086.000000, 1758.000000, 4635.000000, 1918.000000, 4922.000000, 0.000000
509, 784.000000, 2416.000000, 2590.000000, 1619.000000, 2620.000000, 7683.000000, 2620.000000, 3532.000000, 0.000000
510, 770.000000, 1982.000000, 6354.000000, 2337.000000, 2038.000000, 3566.000000, 1378.000000, 5425.000000, 0.000000
511, 775.000000, 2326.000000, 2978.000000, 2650.000000, 2471.000000, 6730.000000, 2114.000000, 3811.000000, 0.000000
512, 753.000000, 2670.000000, 6283.000000, 1900.000000, 2114.000000, 4229.000000, 1042.000000, 4842.000000, 0.000000
513, 694.000000, 2364.000000, 3126.000000, 3059.000000, 1895.000000, 6152.000000, 2361.000000, 4123.000000, 0.000000
514, 792.000000, 2276.000000, 6993.000000, 932.000000, 2418.000000, 4400.000000, 1457.000000, 4604.000000, 0.000000
515, 781.000000, 2780.000000, 3162.000000, 2216.000000, 2305.000000, 6885.000000, 2630.000000, 3102.000000, 0.000000
516, 655.000000, 2400.000000, 2466.000000, 2677.000000, 2677.000000, 3981.000000, 2255.000000, 6624.000000, 0.000000
517, 702.000000, 1186.000000, 4964.000000, 2400.000000, 2400.000000, 6279.000000, 2630.000000, 3221.000000, 0.000000
518, 641.000000, 2452.000000, 4284.000000, 2700.000000, 2304.000000, 4068.000000, 1980.000000, 5292.000000, 0.000000
519, 646.000000, 2468.000000, 2286.000000, 2929.000000, 2858.000000, 7574.000000, 1607.000000, 3358.000000, 0.000000
520, 626.000000, 2695.000000, 3686.000000, 2027.000000, 2802.000000, 4166.000000, 2027.000000, 5677.000000, 0.000000
521, 654.000000, 2402.000000, 2046.000000, 2682.000000, 2576.000000, 7728.000000, 2188.000000, 3458.000000, 0.000000
522, 728.000000, 1209.000000, 7386.000000, 2155.000000, 2472.000000, 3170.000000, 1426.000000, 5262.000000, 0.000000
523, 847.000000, 1884.000000, 2915.000000, 2370.000000, 1743.000000, 9128.000000, 2370.000000, 2670.000000, 0.000000
524, 850.000000, 2067.000000, 6706.000000, 1927.000000, 2063.000000, 3937.000000, 1167.000000, 5213.000000, 0.000000
525, 847.000000, 2129.000000, 3079.000000, 2125.000000, 2370.000000, 7302.000000, 2179.000000, 3896.000000, 0.000000
526, 703.000000, 2400.000000, 4103.000000, 2495.000000, 2856.000000, 3906.000000, 1871.000000, 5449.000000, 0.000000
527, 702.000000, 1975.000000, 4537.000000, 2564.000000, 2235.000000, 5622.000000, 1808.000000, 4339.000000, 0.000000
528, 669.000000, 2764.000000, 2414.000000, 1586.000000, 2863.000000, 5899.000000, 3001.000000, 4553.000000, 0.000000
529, 723.000000, 2429.000000, 6991.000000, 1021.000000, 2713.000000, 4405.000000, 1691.000000, 3830.000000, 0.000000
530, 739.000000, 3252.000000, 3123.000000, 2123.000000, 2154.000000, 6402.000000, 2279.000000, 3747.000000, 0.000000
531, 687.000000, 1919.000000, 4636.000000, 3157.000000, 2687.000000, 5072.000000, 1444.000000, 4165.000000, 0.000000
532, 689.000000, 2449.000000, 2344.000000, 2445.000000, 2545.000000, 5728.000000, 2143.000000, 5426.000000, 0.000000
533, 698.000000, 2648.000000, 4563.000000, 1818.000000, 2050.000000, 5885.000000, 1884.000000, 4232.000000, 0.000000
534, 655.000000, 2330.000000, 2466.000000, 2677.000000, 2748.000000, 4862.000000, 2818.000000, 5179.000000, 0.000000
535, 728.000000, 2159.000000, 5199.000000, 2314.000000, 1204.000000, 6499.000000, 2250.000000, 3455.000000, 0.000000
536, 650.000000, 2595.000000, 2911.000000, 2911.000000, 2414.000000, 4438.000000, 2592.000000, 5219.000000, 0.000000
537, 813.000000, 1821.000000, 5819.000000, 1305.000000, 1674.000000, 7835.000000, 1305.000000, 3321.000000, 0.000000
538, 671.000000, 2754.000000, 3233.000000, 1960.000000, 2992.000000, 4093.000000, 2751.000000, 5297.000000, 0.000000
539, 771.000000, 1379.000000, 5717.000000, 1915.000000, 2185.000000, 5927.000000, 1347.000000, 4610.000000, 0.000000
540, 651.000000, 3158.000000, 3332.000000, 2446.000000, 2694.000000, 5601.000000, 2765.000000, 3084.000000, 0.000000
541, 676.000000, 2188.000000, 1980.000000, 2424.000000, 1399.000000, 6077.000000, 2833.000000, 6179.000000, 0.000000
542, 706.000000, 2684.000000, 6930.000000, 1471.000000, 2026.000000, 4511.000000, 2026.000000, 3432.000000, 0.000000
543, 765.000000, 2146.000000, 3016.000000, 2292.000000, 2353.000000, 6607.000000, 2473.000000, 4193.000000, 0.000000
544, 723.000000, 2334.000000, 5043.000000, 1659.000000, 1915.000000, 4628.000000, 2330.000000, 5171.000000, 0.000000
545, 687.000000, 2154.000000, 2754.000000, 2687.000000, 2015.000000, 6416.000000, 2385.000000, 4669.000000, 0.000000
546, 757.000000, 2167.000000, 7530.000000, 823.000000, 2164.000000, 4817.000000, 2012.000000, 3567.000000, 0.000000
547, 774.000000, 2238.000000, 3369.000000, 2266.000000, 1968.000000, 5904.000000, 2743.000000, 4592.000000, 0.000000
548, 656.000000, 3065.000000, 2251.000000, 1512.000000, 3060.000000, 5558.000000, 2885.000000, 4749.000000, 0.000000
