0, 7, 154, 13, 48, 84, 34, 70, 0, 0, 0, 0, 0, 0, 0, 0, 0, 0, 0, 0, 0
1, 46, 45, 114, 33, 53, 62, 57, 0, 0, 0, 0, 0, 0, 0, 0, 0, 0, 0, 0, 0
2, 51, 143, 26, 34, 73, 30, 53, 0, 0, 0, 0, 0, 0, 0, 0, 0, 0, 0, 0, 0
3, 32, 49, 53, 77, 52, 73, 74, 0, 0, 0, 0, 0, 0, 0, 0, 0, 0, 0, 0, 0
4, 102, 98, 29, 24, 79, 36, 42, 0, 0, 0, 0, 0, 0, 0, 0, 0, 0, 0, 0, 0
5, 24, 66, 38, 88, 89, 50, 55, 0, 0, 0, 0, 0, 0, 0, 0, 0, 0, 0, 0, 0
6, 37, 99, 54, 62, 27, 61, 70, 0, 0, 0, 0, 0, 0, 0, 0, 0, 0, 0, 0, 0
7, 67, 62, 43, 14, 129, 42, 53, 0, 0, 0, 0, 0, 0, 0, 0, 0, 0, 0, 0, 0
8, 34, 124, 35, 48, 56, 46, 67, 0, 0, 0, 0, 0, 0, 0, 0, 0, 0, 0, 0, 0
9, 27, 72, 33, 56, 79, 49, 94, 0, 0, 0, 0, 0, 0, 0, 0, 0, 0, 0, 0, 0
10, 88, 101, 37, 51, 55, 25, 53, 0, 0, 0, 0, 0, 0, 0, 0, 0, 0, 0, 0, 0
11, 35, 41, 41, 32, 82, 92, 87, 0, 0, 0, 0, 0, 0, 0, 0, 0, 0, 0, 0, 0
12, 43, 167, 53, 41, 42, 14, 50, 0, 0, 0, 0, 0, 0, 0, 0, 0, 0, 0, 0, 0
13, 46, 66, 34, 36, 97, 79, 52, 0, 0, 0, 0, 0, 0, 0, 0, 0, 0, 0, 0, 0
14, 34, 90, 60, 66, 38, 43, 79, 0, 0, 0, 0, 0, 0, 0, 0, 0, 0, 0, 0, 0
15, 45, 66, 36, 34, 140, 43, 46, 0, 0, 0, 0, 0, 0, 0, 0, 0, 0, 0, 0, 0
16, 44, 117, 33, 52, 51, 37, 76, 0, 0, 0, 0, 0, 0, 0, 0, 0, 0, 0, 0, 0
17, 33, 52, 37, 36, 88, 73, 91, 0, 0, 0, 0, 0, 0, 0, 0, 0, 0, 0, 0, 0
18, 58, 143, 42, 53, 50, 22, 42, 0, 0, 0, 0, 0, 0, 0, 0, 0, 0, 0, 0, 0
19, 24, 70, 79, 48, 81, 45, 63, 0, 0, 0, 0, 0, 0, 0, 0, 0, 0, 0, 0, 0
20, 55, 64, 46, 56, 45, 64, 80, 0, 0, 0, 0, 0, 0, 0, 0, 0, 0, 0, 0, 0
21, 39, 125, 65, 31, 84, 25, 41, 0, 0, 0, 0, 0, 0, 0, 0, 0, 0, 0, 0, 0
22, 34, 60, 37, 74, 58, 53, 94, 0, 0, 0, 0, 0, 0, 0, 0, 0, 0, 0, 0, 0
23, 106, 81, 31, 31, 75, 51, 35, 0, 0, 0, 0, 0, 0, 0, 0, 0, 0, 0, 0, 0
24, 40, 65, 39, 66, 99, 44, 57, 0, 0, 0, 0, 0, 0, 0, 0, 0, 0, 0, 0, 0
25, 54, 114, 62, 29, 37, 50, 64, 0, 0, 0, 0, 0, 0, 0, 0, 0, 0, 0, 0, 0
26, 30, 45, 48, 59, 89, 76, 63, 0, 0, 0, 0, 0, 0, 0, 0, 0, 0, 0, 0, 0
27, 58, 156, 37, 40, 44, 19, 56, 0, 0, 0, 0, 0, 0, 0, 0, 0, 0, 0, 0, 0
28, 38, 68, 37, 30, 97, 74, 66, 0, 0, 0, 0, 0, 0, 0, 0, 0, 0, 0, 0, 0
29, 73, 86, 39, 59, 52, 36, 65, 0, 0, 0, 0, 0, 0, 0, 0, 0, 0, 0, 0, 0
30, 28, 60, 95, 37, 82, 50, 58, 0, 0, 0, 0, 0, 0, 0, 0, 0, 0, 0, 0, 0
31, 56, 108, 14, 44, 58, 50, 80, 0, 0, 0, 0, 0, 0, 0, 0, 0, 0, 0, 0, 0
32, 48, 68, 56, 44, 86, 58, 50, 0, 0, 0, 0, 0, 0, 0, 0, 0, 0, 0, 0, 0
33, 40, 106, 36, 49, 51, 54, 74, 0, 0, 0, 0, 0, 0, 0, 0, 0, 0, 0, 0, 0
34, 71, 69, 35, 34, 97, 39, 65, 0, 0, 0, 0, 0, 0, 0, 0, 0, 0, 0, 0, 0
35, 28, 106, 48, 43, 52, 44, 89, 0, 0, 0, 0, 0, 0, 0, 0, 0, 0, 0, 0, 0
36, 43, 56, 97, 61, 72, 47, 34, 0, 0, 0, 0, 0, 0, 0, 0, 0, 0, 0, 0, 0
37, 53, 108, 17, 47, 68, 36, 81, 0, 0, 0, 0, 0, 0, 0, 0, 0, 0, 0, 0, 0
38, 50, 63, 57, 63, 74, 47, 56, 0, 0, 0, 0, 0, 0, 0, 0, 0, 0, 0, 0, 0
39, 54, 101, 32, 49, 58, 44, 72, 0, 0, 0, 0, 0, 0, 0, 0, 0, 0, 0, 0, 0
40, 42, 40, 34, 46, 84, 63, 101, 0, 0, 0, 0, 0, 0, 0, 0, 0, 0, 0, 0, 0
41, 31, 157, 77, 45, 50, 24, 26, 0, 0, 0, 0, 0, 0, 0, 0, 0, 0, 0, 0, 0
42, 44, 69, 28, 31, 88, 70, 80, 0, 0, 0, 0, 0, 0, 0, 0, 0, 0, 0, 0, 0
43, 23, 119, 86, 50, 54, 22, 56, 0, 0, 0, 0, 0, 0, 0, 0, 0, 0, 0, 0, 0
44, 76, 74, 21, 40, 81, 45, 73, 0, 0, 0, 0, 0, 0, 0, 0, 0, 0, 0, 0, 0
45, 28, 86, 70, 90, 51, 35, 50, 0, 0, 0, 0, 0, 0, 0, 0, 0, 0, 0, 0, 0
46, 60, 59, 28, 9, 97, 66, 91, 0, 0, 0, 0, 0, 0, 0, 0, 0, 0, 0, 0, 0
47, 51, 129, 40, 72, 38, 34, 46, 0, 0, 0, 0, 0, 0, 0, 0, 0, 0, 0, 0, 0
48, 59, 54, 52, 37, 112, 35, 61, 0, 0, 0, 0, 0, 0, 0, 0, 0, 0, 0, 0, 0
49, 36, 141, 40, 50, 46, 38, 59, 0, 0, 0, 0, 0, 0, 0, 0, 0, 0, 0, 0, 0
50, 40, 65, 61, 26, 80, 70, 68, 0, 0, 0, 0, 0, 0, 0, 0, 0, 0, 0, 0, 0
51, 36, 93, 73, 64, 62, 27, 55, 0, 0, 0, 0, 0, 0, 0, 0, 0, 0, 0, 0, 0
52, 64, 53, 26, 28, 81, 83, 75, 0, 0, 0, 0, 0, 0, 0, 0, 0, 0, 0, 0, 0
53, 39, 154, 43, 46, 47, 23, 58, 0, 0, 0, 0, 0, 0, 0, 0, 0, 0, 0, 0, 0
54, 55, 66, 42, 36, 85, 64, 62, 0, 0, 0, 0, 0, 0, 0, 0, 0, 0, 0, 0, 0
55, 50, 83, 37, 80, 50, 51, 59, 0, 0, 0, 0, 0, 0, 0, 0, 0, 0, 0, 0, 0
56, 69, 68, 55, 34, 91, 29, 64, 0, 0, 0, 0, 0, 0, 0, 0, 0, 0, 0, 0, 0
57, 31, 115, 39, 64, 41, 50, 70, 0, 0, 0, 0, 0, 0, 0, 0, 0, 0, 0, 0, 0
58, 53, 70, 52, 26, 96, 61, 52, 0, 0, 0, 0, 0, 0, 0, 0, 0, 0, 0, 0, 0
59, 45, 86, 60, 48, 47, 49, 75, 0, 0, 0, 0, 0, 0, 0, 0, 0, 0, 0, 0, 0
60, 79, 63, 28, 47, 91, 50, 52, 0, 0, 0, 0, 0, 0, 0, 0, 0, 0, 0, 0, 0
61, 24, 108, 47, 35, 55, 61, 80, 0, 0, 0, 0, 0, 0, 0, 0, 0, 0, 0, 0, 0
62, 76, 73, 43, 47, 87, 39, 45, 0, 0, 0, 0, 0, 0, 0, 0, 0, 0, 0, 0, 0
63, 33, 78, 45, 58, 53, 70, 73, 0, 0, 0, 0, 0, 0, 0, 0, 0, 0, 0, 0, 0
64, 65, 58, 71, 33, 82, 48, 53, 0, 0, 0, 0, 0, 0, 0, 0, 0, 0, 0, 0, 0
65, 23, 144, 24, 53, 63, 27, 76, 0, 0, 0, 0, 0, 0, 0, 0, 0, 0, 0, 0, 0
66, 62, 94, 45, 31, 69, 51, 58, 0, 0, 0, 0, 0, 0, 0, 0, 0, 0, 0, 0, 0
67, 24, 28, 44, 68, 123, 67, 56, 0, 0, 0, 0, 0, 0, 0, 0, 0, 0, 0, 0, 0
68, 51, 170, 37, 24, 36, 21, 71, 0, 0, 0, 0, 0, 0, 0, 0, 0, 0, 0, 0, 0
69, 43, 78, 34, 37, 100, 70, 48, 0, 0, 0, 0, 0, 0, 0, 0, 0, 0, 0, 0, 0
70, 62, 64, 40, 88, 66, 41, 49, 0, 0, 0, 0, 0, 0, 0, 0, 0, 0, 0, 0, 0
71, 36, 111, 52, 20, 65, 46, 80, 0, 0, 0, 0, 0, 0, 0, 0, 0, 0, 0, 0, 0
72, 54, 68, 42, 48, 78, 63, 57, 0, 0, 0, 0, 0, 0, 0, 0, 0, 0, 0, 0, 0
73, 38, 103, 37, 64, 52, 48, 68, 0, 0, 0, 0, 0, 0, 0, 0, 0, 0, 0, 0, 0
74, 55, 40, 75, 28, 94, 70, 48, 0, 0, 0, 0, 0, 0, 0, 0, 0, 0, 0, 0, 0
75, 39, 156, 19, 52, 43, 24, 77, 0, 0, 0, 0, 0, 0, 0, 0, 0, 0, 0, 0, 0
76, 51, 63, 46, 28, 93, 83, 46, 0, 0, 0, 0, 0, 0, 0, 0, 0, 0, 0, 0, 0
77, 90, 88, 35, 48, 60, 37, 52, 0, 0, 0, 0, 0, 0, 0, 0, 0, 0, 0, 0, 0
78, 7, 71, 56, 55, 104, 52, 65, 0, 0, 0, 0, 0, 0, 0, 0, 0, 0, 0, 0, 0
79, 50, 114, 40, 36, 49, 45, 76, 0, 0, 0, 0, 0, 0, 0, 0, 0, 0, 0, 0, 0
80, 37, 80, 53, 61, 79, 48, 52, 0, 0, 0, 0, 0, 0, 0, 0, 0, 0, 0, 0, 0
81, 39, 48, 53, 65, 51, 80, 74, 0, 0, 0, 0, 0, 0, 0, 0, 0, 0, 0, 0, 0
82, 107, 107, 29, 26, 80, 20, 41, 0, 0, 0, 0, 0, 0, 0, 0, 0, 0, 0, 0, 0
83, 25, 58, 40, 86, 85, 63, 53, 0, 0, 0, 0, 0, 0, 0, 0, 0, 0, 0, 0, 0
84, 18, 131, 58, 48, 43, 40, 72, 0, 0, 0, 0, 0, 0, 0, 0, 0, 0, 0, 0, 0
85, 77, 79, 39, 27, 81, 51, 56, 0, 0, 0, 0, 0, 0, 0, 0, 0, 0, 0, 0, 0
86, 61, 65, 35, 37, 99, 49, 64, 0, 0, 0, 0, 0, 0, 0, 0, 0, 0, 0, 0, 0
87, 24, 113, 61, 50, 35, 53, 74, 0, 0, 0, 0, 0, 0, 0, 0, 0, 0, 0, 0, 0
88, 61, 51, 41, 34, 106, 73, 44, 0, 0, 0, 0, 0, 0, 0, 0, 0, 0, 0, 0, 0
89, 36, 154, 49, 50, 46, 18, 57, 0, 0, 0, 0, 0, 0, 0, 0, 0, 0, 0, 0, 0
90, 52, 57, 38, 31, 86, 77, 69, 0, 0, 0, 0, 0, 0, 0, 0, 0, 0, 0, 0, 0
91, 34, 106, 50, 100, 48, 15, 57, 0, 0, 0, 0, 0, 0, 0, 0, 0, 0, 0, 0, 0
92, 56, 64, 47, 9, 101, 61, 72, 0, 0, 0, 0, 0, 0, 0, 0, 0, 0, 0, 0, 0
93, 34, 104, 68, 81, 41, 32, 50, 0, 0, 0, 0, 0, 0, 0, 0, 0, 0, 0, 0, 0
94, 67, 58, 27, 22, 113, 44, 79, 0, 0, 0, 0, 0, 0, 0, 0, 0, 0, 0, 0, 0
95, 36, 136, 37, 51, 45, 54, 51, 0, 0, 0, 0, 0, 0, 0, 0, 0, 0, 0, 0, 0
96, 61, 64, 46, 33, 94, 46, 66, 0, 0, 0, 0, 0, 0, 0, 0, 0, 0, 0, 0, 0
97, 37, 128, 32, 53, 44, 44, 72, 0, 0, 0, 0, 0, 0, 0, 0, 0, 0, 0, 0, 0
98, 36, 101, 65, 35, 87, 34, 52, 0, 0, 0, 0, 0, 0, 0, 0, 0, 0, 0, 0, 0
99, 53, 39, 29, 67, 125, 41, 56, 0, 0, 0, 0, 0, 0, 0, 0, 0, 0, 0, 0, 0
100, 46, 85, 64, 26, 62, 48, 79, 0, 0, 0, 0, 0, 0, 0, 0, 0, 0, 0, 0, 0
101, 19, 97, 69, 48, 70, 55, 52, 0, 0, 0, 0, 0, 0, 0, 0, 0, 0, 0, 0, 0
102, 40, 69, 42, 59, 71, 48, 81, 0, 0, 0, 0, 0, 0, 0, 0, 0, 0, 0, 0, 0
103, 65, 70, 52, 47, 69, 56, 51, 0, 0, 0, 0, 0, 0, 0, 0, 0, 0, 0, 0, 0
104, 26, 103, 64, 45, 59, 40, 73, 0, 0, 0, 0, 0, 0, 0, 0, 0, 0, 0, 0, 0
105, 91, 58, 48, 35, 84, 39, 55, 0, 0, 0, 0, 0, 0, 0, 0, 0, 0, 0, 0, 0
106, 18, 123, 36, 50, 48, 58, 77, 0, 0, 0, 0, 0, 0, 0, 0, 0, 0, 0, 0, 0
107, 43, 68, 53, 46, 93, 61, 46, 0, 0, 0, 0, 0, 0, 0, 0, 0, 0, 0, 0, 0
108, 50, 121, 25, 39, 57, 36, 82, 0, 0, 0, 0, 0, 0, 0, 0, 0, 0, 0, 0, 0
109, 39, 43, 69, 60, 74, 76, 49, 0, 0, 0, 0, 0, 0, 0, 0, 0, 0, 0, 0, 0
110, 42, 147, 25, 34, 60, 19, 83, 0, 0, 0, 0, 0, 0, 0, 0, 0, 0, 0, 0, 0
111, 50, 95, 41, 42, 79, 60, 43, 0, 0, 0, 0, 0, 0, 0, 0, 0, 0, 0, 0, 0
112, 70, 38, 27, 85, 86, 38, 66, 0, 0, 0, 0, 0, 0, 0, 0, 0, 0, 0, 0, 0
113, 30, 89, 53, 99, 46, 41, 52, 0, 0, 0, 0, 0, 0, 0, 0, 0, 0, 0, 0, 0
114, 62, 68, 55, 1, 85, 58, 81, 0, 0, 0, 0, 0, 0, 0, 0, 0, 0, 0, 0, 0
115, 33, 109, 59, 83, 49, 27, 50, 0, 0, 0, 0, 0, 0, 0, 0, 0, 0, 0, 0, 0
116, 54, 71, 35, 16, 99, 63, 72, 0, 0, 0, 0, 0, 0, 0, 0, 0, 0, 0, 0, 0
117, 40, 88, 65, 78, 28, 39, 72, 0, 0, 0, 0, 0, 0, 0, 0, 0, 0, 0, 0, 0
118, 50, 46, 30, 17, 155, 52, 60, 0, 0, 0, 0, 0, 0, 0, 0, 0, 0, 0, 0, 0
119, 39, 144, 44, 43, 50, 35, 55, 0, 0, 0, 0, 0, 0, 0, 0, 0, 0, 0, 0, 0
120, 40, 59, 34, 39, 90, 74, 74, 0, 0, 0, 0, 0, 0, 0, 0, 0, 0, 0, 0, 0
121, 49, 149, 33, 45, 33, 33, 68, 0, 0, 0, 0, 0, 0, 0, 0, 0, 0, 0, 0, 0
122, 53, 48, 58, 36, 94, 76, 45, 0, 0, 0, 0, 0, 0, 0, 0, 0, 0, 0, 0, 0
123, 31, 107, 42, 83, 47, 30, 70, 0, 0, 0, 0, 0, 0, 0, 0, 0, 0, 0, 0, 0
124, 64, 52, 40, 26, 90, 72, 66, 0, 0, 0, 0, 0, 0, 0, 0, 0, 0, 0, 0, 0
125, 18, 150, 49, 62, 46, 29, 56, 0, 0, 0, 0, 0, 0, 0, 0, 0, 0, 0, 0, 0
126, 46, 95, 52, 25, 80, 42, 70, 0, 0, 0, 0, 0, 0, 0, 0, 0, 0, 0, 0, 0
127, 51, 44, 58, 46, 54, 79, 78, 0, 0, 0, 0, 0, 0, 0, 0, 0, 0, 0, 0, 0
128, 38, 143, 36, 43, 91, 23, 36, 0, 0, 0, 0, 0, 0, 0, 0, 0, 0, 0, 0, 0
129, 78, 50, 37, 75, 47, 70, 53, 0, 0, 0, 0, 0, 0, 0, 0, 0, 0, 0, 0, 0
130, 12, 137, 60, 49, 69, 21, 62, 0, 0, 0, 0, 0, 0, 0, 0, 0, 0, 0, 0, 0
131, 66, 66, 51, 23, 70, 61, 73, 0, 0, 0, 0, 0, 0, 0, 0, 0, 0, 0, 0, 0
132, 18, 115, 72, 49, 71, 33, 52, 0, 0, 0, 0, 0, 0, 0, 0, 0, 0, 0, 0, 0
133, 62, 64, 33, 40, 68, 72, 71, 0, 0, 0, 0, 0, 0, 0, 0, 0, 0, 0, 0, 0
134, 43, 87, 32, 69, 72, 46, 61, 0, 0, 0, 0, 0, 0, 0, 0, 0, 0, 0, 0, 0
135, 25, 43, 93, 41, 68, 73, 67, 0, 0, 0, 0, 0, 0, 0, 0, 0, 0, 0, 0, 0
136, 56, 159, 16, 47, 66, 12, 54, 0, 0, 0, 0, 0, 0, 0, 0, 0, 0, 0, 0, 0
137, 28, 61, 67, 66, 60, 69, 59, 0, 0, 0, 0, 0, 0, 0, 0, 0, 0, 0, 0, 0
138, 61, 125, 37, 20, 74, 21, 72, 0, 0, 0, 0, 0, 0, 0, 0, 0, 0, 0, 0, 0
139, 40, 80, 43, 57, 65, 68, 57, 0, 0, 0, 0, 0, 0, 0, 0, 0, 0, 0, 0, 0
140, 29, 74, 50, 39, 64, 61, 93, 0, 0, 0, 0, 0, 0, 0, 0, 0, 0, 0, 0, 0
141, 75, 72, 34, 56, 81, 53, 39, 0, 0, 0, 0, 0, 0, 0, 0, 0, 0, 0, 0, 0
142, 48, 73, 61, 41, 71, 59, 57, 0, 0, 0, 0, 0, 0, 0, 0, 0, 0, 0, 0, 0
143, 38, 118, 25, 39, 64, 37, 89, 0, 0, 0, 0, 0, 0, 0, 0, 0, 0, 0, 0, 0
144, 57, 50, 66, 72, 77, 48, 40, 0, 0, 0, 0, 0, 0, 0, 0, 0, 0, 0, 0, 0
145, 20, 138, 50, 56, 52, 28, 66, 0, 0, 0, 0, 0, 0, 0, 0, 0, 0, 0, 0, 0
146, 88, 55, 35, 38, 83, 53, 58, 0, 0, 0, 0, 0, 0, 0, 0, 0, 0, 0, 0, 0
147, 9, 140, 57, 55, 42, 44, 63, 0, 0, 0, 0, 0, 0, 0, 0, 0, 0, 0, 0, 0
148, 70, 86, 38, 30, 82, 44, 60, 0, 0, 0, 0, 0, 0, 0, 0, 0, 0, 0, 0, 0
149, 26, 67, 31, 72, 107, 55, 52, 0, 0, 0, 0, 0, 0, 0, 0, 0, 0, 0, 0, 0
150, 44, 71, 35, 27, 64, 68, 101, 0, 0, 0, 0, 0, 0, 0, 0, 0, 0, 0, 0, 0
151, 45, 112, 43, 83, 53, 27, 47, 0, 0, 0, 0, 0, 0, 0, 0, 0, 0, 0, 0, 0
152, 31, 53, 53, 44, 81, 51, 97, 0, 0, 0, 0, 0, 0, 0, 0, 0, 0, 0, 0, 0
153, 57, 145, 34, 34, 64, 30, 46, 0, 0, 0, 0, 0, 0, 0, 0, 0, 0, 0, 0, 0
154, 32, 62, 65, 64, 64, 49, 74, 0, 0, 0, 0, 0, 0, 0, 0, 0, 0, 0, 0, 0
155, 49, 94, 52, 21, 64, 66, 64, 0, 0, 0, 0, 0, 0, 0, 0, 0, 0, 0, 0, 0
156, 41, 64, 58, 50, 81, 55, 61, 0, 0, 0, 0, 0, 0, 0, 0, 0, 0, 0, 0, 0
157, 46, 97, 26, 83, 40, 39, 79, 0, 0, 0, 0, 0, 0, 0, 0, 0, 0, 0, 0, 0
158, 70, 45, 45, 21, 101, 87, 41, 0, 0, 0, 0, 0, 0, 0, 0, 0, 0, 0, 0, 0
159, 34, 153, 39, 56, 43, 9, 76, 0, 0, 0, 0, 0, 0, 0, 0, 0, 0, 0, 0, 0
160, 82, 48, 44, 34, 77, 79, 46, 0, 0, 0, 0, 0, 0, 0, 0, 0, 0, 0, 0, 0
161, 34, 149, 32, 34, 54, 34, 73, 0, 0, 0, 0, 0, 0, 0, 0, 0, 0, 0, 0, 0
162, 44, 73, 51, 45, 89, 59, 49, 0, 0, 0, 0, 0, 0, 0, 0, 0, 0, 0, 0, 0
163, 56, 103, 39, 54, 60, 24, 74, 0, 0, 0, 0, 0, 0, 0, 0, 0, 0, 0, 0, 0
164, 39, 73, 60, 31, 79, 68, 60, 0, 0, 0, 0, 0, 0, 0, 0, 0, 0, 0, 0, 0
165, 44, 88, 38, 70, 54, 57, 59, 0, 0, 0, 0, 0, 0, 0, 0, 0, 0, 0, 0, 0
166, 42, 94, 64, 22, 81, 30, 77, 0, 0, 0, 0, 0, 0, 0, 0, 0, 0, 0, 0, 0
167, 44, 54, 53, 64, 64, 73, 58, 0, 0, 0, 0, 0, 0, 0, 0, 0, 0, 0, 0, 0
168, 61, 112, 44, 35, 67, 33, 58, 0, 0, 0, 0, 0, 0, 0, 0, 0, 0, 0, 0, 0
169, 35, 58, 46, 76, 61, 52, 82, 0, 0, 0, 0, 0, 0, 0, 0, 0, 0, 0, 0, 0
170, 99, 83, 31, 27, 79, 51, 40, 0, 0, 0, 0, 0, 0, 0, 0, 0, 0, 0, 0, 0
171, 35, 84, 39, 83, 82, 33, 54, 0, 0, 0, 0, 0, 0, 0, 0, 0, 0, 0, 0, 0
172, 35, 69, 66, 70, 51, 26, 93, 0, 0, 0, 0, 0, 0, 0, 0, 0, 0, 0, 0, 0
173, 92, 86, 30, 15, 81, 68, 38, 0, 0, 0, 0, 0, 0, 0, 0, 0, 0, 0, 0, 0
174, 17, 69, 54, 72, 93, 35, 70, 0, 0, 0, 0, 0, 0, 0, 0, 0, 0, 0, 0, 0
175, 42, 122, 38, 33, 41, 62, 72, 0, 0, 0, 0, 0, 0, 0, 0, 0, 0, 0, 0, 0
176, 80, 60, 43, 38, 92, 46, 51, 0, 0, 0, 0, 0, 0, 0, 0, 0, 0, 0, 0, 0
177, 24, 107, 43, 65, 38, 55, 78, 0, 0, 0, 0, 0, 0, 0, 0, 0, 0, 0, 0, 0
178, 69, 70, 30, 28, 92, 59, 62, 0, 0, 0, 0, 0, 0, 0, 0, 0, 0, 0, 0, 0
179, 51, 97, 43, 56, 80, 42, 41, 0, 0, 0, 0, 0, 0, 0, 0, 0, 0, 0, 0, 0
180, 50, 43, 41, 49, 77, 53, 97, 0, 0, 0, 0, 0, 0, 0, 0, 0, 0, 0, 0, 0
181, 24, 161, 71, 42, 41, 24, 47, 0, 0, 0, 0, 0, 0, 0, 0, 0, 0, 0, 0, 0
182, 51, 66, 22, 35, 94, 80, 62, 0, 0, 0, 0, 0, 0, 0, 0, 0, 0, 0, 0, 0
183, 44, 101, 51, 98, 31, 12, 73, 0, 0, 0, 0, 0, 0, 0, 0, 0, 0, 0, 0, 0
184, 47, 60, 52, 27, 125, 51, 48, 0, 0, 0, 0, 0, 0, 0, 0, 0, 0, 0, 0, 0
185, 31, 90, 72, 46, 48, 54, 69, 0, 0, 0, 0, 0, 0, 0, 0, 0, 0, 0, 0, 0
186, 69, 43, 42, 36, 110, 44, 66, 0, 0, 0, 0, 0, 0, 0, 0, 0, 0, 0, 0, 0
187, 36, 151, 41, 46, 40, 44, 52, 0, 0, 0, 0, 0, 0, 0, 0, 0, 0, 0, 0, 0
188, 22, 46, 64, 35, 87, 94, 62, 0, 0, 0, 0, 0, 0, 0, 0, 0, 0, 0, 0, 0
189, 51, 154, 31, 52, 53, 15, 54, 0, 0, 0, 0, 0, 0, 0, 0, 0, 0, 0, 0, 0
190, 33, 70, 82, 34, 78, 40, 73, 0, 0, 0, 0, 0, 0, 0, 0, 0, 0, 0, 0, 0
191, 57, 76, 27, 60, 66, 65, 59, 0, 0, 0, 0, 0, 0, 0, 0, 0, 0, 0, 0, 0
192, 28, 108, 64, 59, 65, 28, 58, 0, 0, 0, 0, 0, 0, 0, 0, 0, 0, 0, 0, 0
193, 47, 38, 42, 28, 70, 90, 95, 0, 0, 0, 0, 0, 0, 0, 0, 0, 0, 0, 0, 0
194, 53, 157, 29, 49, 68, 14, 40, 0, 0, 0, 0, 0, 0, 0, 0, 0, 0, 0, 0, 0
195, 35, 64, 80, 45, 56, 65, 65, 0, 0, 0, 0, 0, 0, 0, 0, 0, 0, 0, 0, 0
196, 72, 112, 21, 35, 79, 30, 61, 0, 0, 0, 0, 0, 0, 0, 0, 0, 0, 0, 0, 0
197, 39, 45, 44, 43, 61, 79, 99, 0, 0, 0, 0, 0, 0, 0, 0, 0, 0, 0, 0, 0
198, 41, 147, 44, 44, 82, 19, 33, 0, 0, 0, 0, 0, 0, 0, 0, 0, 0, 0, 0, 0
199, 18, 84, 67, 59, 58, 44, 80, 0, 0, 0, 0, 0, 0, 0, 0, 0, 0, 0, 0, 0
200, 87, 83, 34, 33, 78, 35, 60, 0, 0, 0, 0, 0, 0, 0, 0, 0, 0, 0, 0, 0
201, 34, 83, 39, 57, 62, 68, 67, 0, 0, 0, 0, 0, 0, 0, 0, 0, 0, 0, 0, 0
202, 33, 84, 74, 35, 76, 37, 71, 0, 0, 0, 0, 0, 0, 0, 0, 0, 0, 0, 0, 0
203, 37, 56, 71, 34, 70, 69, 73, 0, 0, 0, 0, 0, 0, 0, 0, 0, 0, 0, 0, 0
204, 28, 145, 50, 35, 65, 24, 63, 0, 0, 0, 0, 0, 0, 0, 0, 0, 0, 0, 0, 0
205, 63, 44, 82, 34, 66, 56, 65, 0, 0, 0, 0, 0, 0, 0, 0, 0, 0, 0, 0, 0
206, 12, 151, 16, 51, 66, 39, 75, 0, 0, 0, 0, 0, 0, 0, 0, 0, 0, 0, 0, 0
207, 64, 73, 60, 48, 73, 54, 38, 0, 0, 0, 0, 0, 0, 0, 0, 0, 0, 0, 0, 0
208, 32, 68, 58, 47, 55, 62, 88, 0, 0, 0, 0, 0, 0, 0, 0, 0, 0, 0, 0, 0
209, 91, 102, 23, 38, 83, 36, 37, 0, 0, 0, 0, 0, 0, 0, 0, 0, 0, 0, 0, 0
210, 27, 50, 44, 46, 94, 69, 80, 0, 0, 0, 0, 0, 0, 0, 0, 0, 0, 0, 0, 0
211, 46, 155, 42, 52, 39, 24, 52, 0, 0, 0, 0, 0, 0, 0, 0, 0, 0, 0, 0, 0
212, 26, 80, 55, 26, 95, 56, 72, 0, 0, 0, 0, 0, 0, 0, 0, 0, 0, 0, 0, 0
213, 39, 71, 63, 66, 58, 57, 56, 0, 0, 0, 0, 0, 0, 0, 0, 0, 0, 0, 0, 0
214, 75, 78, 36, 38, 72, 39, 72, 0, 0, 0, 0, 0, 0, 0, 0, 0, 0, 0, 0, 0
215, 25, 59, 55, 78, 66, 68, 59, 0, 0, 0, 0, 0, 0, 0, 0, 0, 0, 0, 0, 0
216, 24, 135, 37, 39, 73, 46, 56, 0, 0, 0, 0, 0, 0, 0, 0, 0, 0, 0, 0, 0
217, 55, 56, 65, 30, 57, 69, 78, 0, 0, 0, 0, 0, 0, 0, 0, 0, 0, 0, 0, 0
218, 40, 130, 35, 39, 89, 21, 56, 0, 0, 0, 0, 0, 0, 0, 0, 0, 0, 0, 0, 0
219, 50, 83, 33, 50, 48, 45, 101, 0, 0, 0, 0, 0, 0, 0, 0, 0, 0, 0, 0, 0
220, 65, 42, 48, 47, 93, 78, 37, 0, 0, 0, 0, 0, 0, 0, 0, 0, 0, 0, 0, 0
221, 19, 176, 33, 42, 31, 22, 87, 0, 0, 0, 0, 0, 0, 0, 0, 0, 0, 0, 0, 0
222, 72, 100, 35, 33, 107, 33, 30, 0, 0, 0, 0, 0, 0, 0, 0, 0, 0, 0, 0, 0
223, 37, 44, 34, 60, 83, 64, 88, 0, 0, 0, 0, 0, 0, 0, 0, 0, 0, 0, 0, 0
224, 23, 152, 52, 46, 64, 29, 44, 0, 0, 0, 0, 0, 0, 0, 0, 0, 0, 0, 0, 0
225, 52, 47, 53, 64, 53, 74, 67, 0, 0, 0, 0, 0, 0, 0, 0, 0, 0, 0, 0, 0
226, 42, 141, 25, 41, 82, 21, 58, 0, 0, 0, 0, 0, 0, 0, 0, 0, 0, 0, 0, 0
227, 30, 48, 88, 41, 57, 82, 64, 0, 0, 0, 0, 0, 0, 0, 0, 0, 0, 0, 0, 0
228, 54, 140, 15, 40, 73, 23, 65, 0, 0, 0, 0, 0, 0, 0, 0, 0, 0, 0, 0, 0
229, 31, 81, 70, 64, 54, 42, 68, 0, 0, 0, 0, 0, 0, 0, 0, 0, 0, 0, 0, 0
230, 89, 74, 32, 25, 80, 48, 62, 0, 0, 0, 0, 0, 0, 0, 0, 0, 0, 0, 0, 0
231, 29, 75, 39, 59, 69, 50, 89, 0, 0, 0, 0, 0, 0, 0, 0, 0, 0, 0, 0, 0
232, 74, 68, 35, 46, 68, 68, 51, 0, 0, 0, 0, 0, 0, 0, 0, 0, 0, 0, 0, 0
233, 36, 130, 47, 45, 55, 25, 72, 0, 0, 0, 0, 0, 0, 0, 0, 0, 0, 0, 0, 0
234, 76, 64, 36, 33, 88, 58, 55, 0, 0, 0, 0, 0, 0, 0, 0, 0, 0, 0, 0, 0
235, 23, 84, 83, 62, 53, 42, 63, 0, 0, 0, 0, 0, 0, 0, 0, 0, 0, 0, 0, 0
236, 73, 92, 28, 30, 87, 27, 73, 0, 0, 0, 0, 0, 0, 0, 0, 0, 0, 0, 0, 0
237, 70, 63, 36, 64, 80, 50, 47, 0, 0, 0, 0, 0, 0, 0, 0, 0, 0, 0, 0, 0
238, 33, 114, 53, 42, 41, 47, 80, 0, 0, 0, 0, 0, 0, 0, 0, 0, 0, 0, 0, 0
239, 46, 103, 45, 38, 94, 35, 49, 0, 0, 0, 0, 0, 0, 0, 0, 0, 0, 0, 0, 0
240, 67, 47, 35, 48, 60, 68, 85, 0, 0, 0, 0, 0, 0, 0, 0, 0, 0, 0, 0, 0
241, 18, 140, 61, 41, 62, 31, 57, 0, 0, 0, 0, 0, 0, 0, 0, 0, 0, 0, 0, 0
242, 59, 86, 36, 40, 80, 50, 59, 0, 0, 0, 0, 0, 0, 0, 0, 0, 0, 0, 0, 0
243, 56, 65, 40, 65, 72, 67, 45, 0, 0, 0, 0, 0, 0, 0, 0, 0, 0, 0, 0, 0
244, 51, 120, 37, 32, 73, 30, 67, 0, 0, 0, 0, 0, 0, 0, 0, 0, 0, 0, 0, 0
245, 56, 60, 45, 56, 62, 65, 66, 0, 0, 0, 0, 0, 0, 0, 0, 0, 0, 0, 0, 0
246, 17, 127, 62, 37, 75, 15, 77, 0, 0, 0, 0, 0, 0, 0, 0, 0, 0, 0, 0, 0
247, 55, 85, 33, 43, 73, 72, 49, 0, 0, 0, 0, 0, 0, 0, 0, 0, 0, 0, 0, 0
248, 73, 50, 40, 76, 84, 37, 50, 0, 0, 0, 0, 0, 0, 0, 0, 0, 0, 0, 0, 0
249, 36, 131, 43, 24, 32, 56, 88, 0, 0, 0, 0, 0, 0, 0, 0, 0, 0, 0, 0, 0
250, 35, 51, 27, 59, 96, 41, 101, 0, 0, 0, 0, 0, 0, 0, 0, 0, 0, 0, 0, 0
251, 46, 145, 62, 35, 56, 43, 23, 0, 0, 0, 0, 0, 0, 0, 0, 0, 0, 0, 0, 0
252, 38, 78, 38, 44, 67, 43, 102, 0, 0, 0, 0, 0, 0, 0, 0, 0, 0, 0, 0, 0
253, 55, 65, 46, 58, 78, 70, 38, 0, 0, 0, 0, 0, 0, 0, 0, 0, 0, 0, 0, 0
254, 32, 91, 82, 32, 49, 45, 79, 0, 0, 0, 0, 0, 0, 0, 0, 0, 0, 0, 0, 0
255, 44, 48, 70, 61, 88, 42, 57, 0, 0, 0, 0, 0, 0, 0, 0, 0, 0, 0, 0, 0
256, 44, 137, 16, 46, 49, 39, 79, 0, 0, 0, 0, 0, 0, 0, 0, 0, 0, 0, 0, 0
257, 51, 68, 37, 30, 93, 79, 52, 0, 0, 0, 0, 0, 0, 0, 0, 0, 0, 0, 0, 0
258, 36, 116, 32, 74, 84, 15, 53, 0, 0, 0, 0, 0, 0, 0, 0, 0, 0, 0, 0, 0
259, 53, 43, 52, 31, 75, 88, 68, 0, 0, 0, 0, 0, 0, 0, 0, 0, 0, 0, 0, 0
260, 48, 158, 29, 41, 36, 23, 75, 0, 0, 0, 0, 0, 0, 0, 0, 0, 0, 0, 0, 0
261, 41, 97, 46, 42, 105, 42, 37, 0, 0, 0, 0, 0, 0, 0, 0, 0, 0, 0, 0, 0
262, 78, 44, 60, 58, 56, 50, 64, 0, 0, 0, 0, 0, 0, 0, 0, 0, 0, 0, 0, 0
263, 12, 138, 52, 22, 66, 54, 66, 0, 0, 0, 0, 0, 0, 0, 0, 0, 0, 0, 0, 0
264, 52, 83, 52, 39, 65, 58, 61, 0, 0, 0, 0, 0, 0, 0, 0, 0, 0, 0, 0, 0
265, 44, 69, 64, 47, 80, 48, 58, 0, 0, 0, 0, 0, 0, 0, 0, 0, 0, 0, 0, 0
266, 36, 89, 40, 72, 48, 49, 76, 0, 0, 0, 0, 0, 0, 0, 0, 0, 0, 0, 0, 0
267, 52, 65, 32, 54, 89, 61, 57, 0, 0, 0, 0, 0, 0, 0, 0, 0, 0, 0, 0, 0
268, 35, 80, 66, 59, 40, 67, 63, 0, 0, 0, 0, 0, 0, 0, 0, 0, 0, 0, 0, 0
269, 49, 75, 30, 56, 94, 52, 54, 0, 0, 0, 0, 0, 0, 0, 0, 0, 0, 0, 0, 0
270, 81, 63, 35, 28, 71, 60, 72, 0, 0, 0, 0, 0, 0, 0, 0, 0, 0, 0, 0, 0
271, 20, 112, 51, 91, 60, 14, 62, 0, 0, 0, 0, 0, 0, 0, 0, 0, 0, 0, 0, 0
272, 51, 61, 37, 33, 76, 65, 87, 0, 0, 0, 0, 0, 0, 0, 0, 0, 0, 0, 0, 0
273, 42, 113, 46, 53, 79, 29, 48, 0, 0, 0, 0, 0, 0, 0, 0, 0, 0, 0, 0, 0
274, 42, 73, 80, 41, 45, 47, 82, 0, 0, 0, 0, 0, 0, 0, 0, 0, 0, 0, 0, 0
275, 50, 91, 62, 42, 88, 39, 38, 0, 0, 0, 0, 0, 0, 0, 0, 0, 0, 0, 0, 0
276, 56, 58, 21, 56, 62, 67, 90, 0, 0, 0, 0, 0, 0, 0, 0, 0, 0, 0, 0, 0
277, 45, 109, 49, 52, 78, 37, 40, 0, 0, 0, 0, 0, 0, 0, 0, 0, 0, 0, 0, 0
278, 64, 42, 58, 34, 64, 72, 76, 0, 0, 0, 0, 0, 0, 0, 0, 0, 0, 0, 0, 0
279, 19, 159, 51, 42, 59, 24, 56, 0, 0, 0, 0, 0, 0, 0, 0, 0, 0, 0, 0, 0
280, 57, 94, 45, 50, 74, 35, 55, 0, 0, 0, 0, 0, 0, 0, 0, 0, 0, 0, 0, 0
281, 53, 46, 35, 50, 84, 68, 74, 0, 0, 0, 0, 0, 0, 0, 0, 0, 0, 0, 0, 0
282, 39, 153, 49, 46, 39, 32, 52, 0, 0, 0, 0, 0, 0, 0, 0, 0, 0, 0, 0, 0
283, 26, 78, 56, 28, 96, 58, 68, 0, 0, 0, 0, 0, 0, 0, 0, 0, 0, 0, 0, 0
284, 51, 51, 69, 50, 51, 68, 70, 0, 0, 0, 0, 0, 0, 0, 0, 0, 0, 0, 0, 0
285, 50, 142, 35, 30, 81, 21, 51, 0, 0, 0, 0, 0, 0, 0, 0, 0, 0, 0, 0, 0
286, 46, 66, 34, 55, 59, 86, 64, 0, 0, 0, 0, 0, 0, 0, 0, 0, 0, 0, 0, 0
287, 30, 97, 80, 37, 75, 25, 66, 0, 0, 0, 0, 0, 0, 0, 0, 0, 0, 0, 0, 0
288, 47, 61, 26, 45, 83, 85, 63, 0, 0, 0, 0, 0, 0, 0, 0, 0, 0, 0, 0, 0
289, 43, 96, 53, 91, 38, 20, 69, 0, 0, 0, 0, 0, 0, 0, 0, 0, 0, 0, 0, 0
290, 45, 42, 35, 72, 117, 48, 51, 0, 0, 0, 0, 0, 0, 0, 0, 0, 0, 0, 0, 0
291, 40, 154, 53, 48, 27, 27, 61, 0, 0, 0, 0, 0, 0, 0, 0, 0, 0, 0, 0, 0
292, 55, 62, 28, 17, 118, 69, 61, 0, 0, 0, 0, 0, 0, 0, 0, 0, 0, 0, 0, 0
293, 35, 100, 33, 84, 59, 36, 63, 0, 0, 0, 0, 0, 0, 0, 0, 0, 0, 0, 0, 0
294, 37, 59, 36, 41, 72, 54, 111, 0, 0, 0, 0, 0, 0, 0, 0, 0, 0, 0, 0, 0
295, 29, 125, 32, 27, 68, 48, 81, 0, 0, 0, 0, 0, 0, 0, 0, 0, 0, 0, 0, 0
296, 61, 67, 31, 47, 72, 42, 90, 0, 0, 0, 0, 0, 0, 0, 0, 0, 0, 0, 0, 0
297, 53, 95, 64, 49, 70, 56, 23, 0, 0, 0, 0, 0, 0, 0, 0, 0, 0, 0, 0, 0
298, 51, 41, 32, 71, 125, 26, 64, 0, 0, 0, 0, 0, 0, 0, 0, 0, 0, 0, 0, 0
299, 38, 75, 53, 108, 28, 52, 56, 0, 0, 0, 0, 0, 0, 0, 0, 0, 0, 0, 0, 0
300, 40, 82, 43, 19, 102, 54, 70, 0, 0, 0, 0, 0, 0, 0, 0, 0, 0, 0, 0, 0
301, 47, 96, 31, 43, 64, 61, 68, 0, 0, 0, 0, 0, 0, 0, 0, 0, 0, 0, 0, 0
302, 35, 67, 41, 63, 65, 50, 89, 0, 0, 0, 0, 0, 0, 0, 0, 0, 0, 0, 0, 0
303, 80, 81, 57, 37, 78, 51, 26, 0, 0, 0, 0, 0, 0, 0, 0, 0, 0, 0, 0, 0
304, 31, 69, 34, 59, 77, 50, 90, 0, 0, 0, 0, 0, 0, 0, 0, 0, 0, 0, 0, 0
305, 36, 111, 49, 59, 74, 39, 42, 0, 0, 0, 0, 0, 0, 0, 0, 0, 0, 0, 0, 0
306, 77, 59, 55, 39, 64, 39, 77, 0, 0, 0, 0, 0, 0, 0, 0, 0, 0, 0, 0, 0
307, 36, 128, 31, 37, 66, 44, 68, 0, 0, 0, 0, 0, 0, 0, 0, 0, 0, 0, 0, 0
308, 43, 78, 56, 77, 68, 32, 56, 0, 0, 0, 0, 0, 0, 0, 0, 0, 0, 0, 0, 0
309, 31, 68, 62, 55, 62, 68, 64, 0, 0, 0, 0, 0, 0, 0, 0, 0, 0, 0, 0, 0
310, 81, 112, 36, 27, 77, 21, 56, 0, 0, 0, 0, 0, 0, 0, 0, 0, 0, 0, 0, 0
311, 51, 50, 35, 50, 109, 62, 53, 0, 0, 0, 0, 0, 0, 0, 0, 0, 0, 0, 0, 0
312, 37, 148, 49, 49, 21, 31, 75, 0, 0, 0, 0, 0, 0, 0, 0, 0, 0, 0, 0, 0
313, 51, 43, 96, 32, 93, 53, 42, 0, 0, 0, 0, 0, 0, 0, 0, 0, 0, 0, 0, 0
314, 41, 148, 12, 46, 61, 23, 79, 0, 0, 0, 0, 0, 0, 0, 0, 0, 0, 0, 0, 0
315, 50, 68, 45, 55, 74, 68, 50, 0, 0, 0, 0, 0, 0, 0, 0, 0, 0, 0, 0, 0
316, 17, 79, 62, 60, 62, 57, 73, 0, 0, 0, 0, 0, 0, 0, 0, 0, 0, 0, 0, 0
317, 87, 76, 37, 32, 75, 43, 60, 0, 0, 0, 0, 0, 0, 0, 0, 0, 0, 0, 0, 0
318, 22, 47, 54, 80, 63, 76, 68, 0, 0, 0, 0, 0, 0, 0, 0, 0, 0, 0, 0, 0
319, 31, 184, 31, 48, 56, 18, 42, 0, 0, 0, 0, 0, 0, 0, 0, 0, 0, 0, 0, 0
320, 41, 46, 86, 25, 77, 60, 75, 0, 0, 0, 0, 0, 0, 0, 0, 0, 0, 0, 0, 0
321, 53, 157, 18, 41, 61, 24, 56, 0, 0, 0, 0, 0, 0, 0, 0, 0, 0, 0, 0, 0
322, 42, 32, 31, 57, 71, 79, 98, 0, 0, 0, 0, 0, 0, 0, 0, 0, 0, 0, 0, 0
323, 40, 156, 30, 40, 72, 13, 59, 0, 0, 0, 0, 0, 0, 0, 0, 0, 0, 0, 0, 0
324, 43, 79, 51, 50, 72, 57, 58, 0, 0, 0, 0, 0, 0, 0, 0, 0, 0, 0, 0, 0
325, 49, 86, 48, 31, 63, 68, 65, 0, 0, 0, 0, 0, 0, 0, 0, 0, 0, 0, 0, 0
326, 44, 94, 29, 48, 76, 24, 95, 0, 0, 0, 0, 0, 0, 0, 0, 0, 0, 0, 0, 0
327, 54, 22, 104, 47, 71, 73, 39, 0, 0, 0, 0, 0, 0, 0, 0, 0, 0, 0, 0, 0
328, 20, 189, 33, 36, 50, 7, 75, 0, 0, 0, 0, 0, 0, 0, 0, 0, 0, 0, 0, 0
329, 55, 83, 36, 42, 90, 67, 37, 0, 0, 0, 0, 0, 0, 0, 0, 0, 0, 0, 0, 0
330, 74, 82, 44, 50, 54, 27, 79, 0, 0, 0, 0, 0, 0, 0, 0, 0, 0, 0, 0, 0
331, 34, 41, 70, 61, 75, 76, 53, 0, 0, 0, 0, 0, 0, 0, 0, 0, 0, 0, 0, 0
332, 40, 155, 46, 29, 59, 26, 55, 0, 0, 0, 0, 0, 0, 0, 0, 0, 0, 0, 0, 0
333, 39, 61, 39, 66, 73, 45, 87, 0, 0, 0, 0, 0, 0, 0, 0, 0, 0, 0, 0, 0
334, 20, 133, 78, 16, 70, 59, 34, 0, 0, 0, 0, 0, 0, 0, 0, 0, 0, 0, 0, 0
335, 46, 106, 27, 49, 62, 29, 91, 0, 0, 0, 0, 0, 0, 0, 0, 0, 0, 0, 0, 0
336, 41, 33, 59, 65, 81, 90, 41, 0, 0, 0, 0, 0, 0, 0, 0, 0, 0, 0, 0, 0
337, 37, 143, 65, 26, 40, 40, 59, 0, 0, 0, 0, 0, 0, 0, 0, 0, 0, 0, 0, 0
338, 24, 70, 58, 57, 84, 30, 87, 0, 0, 0, 0, 0, 0, 0, 0, 0, 0, 0, 0, 0
339, 62, 102, 35, 42, 67, 67, 35, 0, 0, 0, 0, 0, 0, 0, 0, 0, 0, 0, 0, 0
340, 69, 41, 35, 51, 123, 33, 58, 0, 0, 0, 0, 0, 0, 0, 0, 0, 0, 0, 0, 0
341, 28, 152, 31, 34, 42, 31, 92, 0, 0, 0, 0, 0, 0, 0, 0, 0, 0, 0, 0, 0
342, 51, 77, 41, 48, 94, 67, 32, 0, 0, 0, 0, 0, 0, 0, 0, 0, 0, 0, 0, 0
343, 46, 68, 47, 54, 66, 50, 79, 0, 0, 0, 0, 0, 0, 0, 0, 0, 0, 0, 0, 0
344, 43, 103, 48, 64, 64, 34, 54, 0, 0, 0, 0, 0, 0, 0, 0, 0, 0, 0, 0, 0
345, 56, 47, 60, 29, 79, 51, 88, 0, 0, 0, 0, 0, 0, 0, 0, 0, 0, 0, 0, 0
346, 38, 143, 33, 61, 59, 30, 46, 0, 0, 0, 0, 0, 0, 0, 0, 0, 0, 0, 0, 0
347, 26, 49, 49, 40, 72, 82, 92, 0, 0, 0, 0, 0, 0, 0, 0, 0, 0, 0, 0, 0
348, 57, 135, 39, 48, 67, 30, 34, 0, 0, 0, 0, 0, 0, 0, 0, 0, 0, 0, 0, 0
349, 37, 74, 44, 46, 62, 74, 73, 0, 0, 0, 0, 0, 0, 0, 0, 0, 0, 0, 0, 0
350, 55, 106, 47, 34, 77, 31, 60, 0, 0, 0, 0, 0, 0, 0, 0, 0, 0, 0, 0, 0
351, 70, 56, 35, 44, 103, 54, 48, 0, 0, 0, 0, 0, 0, 0, 0, 0, 0, 0, 0, 0
352, 38, 113, 48, 48, 34, 64, 65, 0, 0, 0, 0, 0, 0, 0, 0, 0, 0, 0, 0, 0
353, 43, 86, 48, 34, 88, 29, 82, 0, 0, 0, 0, 0, 0, 0, 0, 0, 0, 0, 0, 0
354, 50, 59, 55, 57, 51, 87, 51, 0, 0, 0, 0, 0, 0, 0, 0, 0, 0, 0, 0, 0
355, 50, 94, 51, 29, 82, 38, 66, 0, 0, 0, 0, 0, 0, 0, 0, 0, 0, 0, 0, 0
356, 73, 50, 46, 52, 63, 70, 56, 0, 0, 0, 0, 0, 0, 0, 0, 0, 0, 0, 0, 0
357, 39, 128, 25, 56, 66, 21, 75, 0, 0, 0, 0, 0, 0, 0, 0, 0, 0, 0, 0, 0
358, 36, 57, 89, 37, 71, 68, 52, 0, 0, 0, 0, 0, 0, 0, 0, 0, 0, 0, 0, 0
359, 41, 113, 13, 74, 67, 27, 75, 0, 0, 0, 0, 0, 0, 0, 0, 0, 0, 0, 0, 0
360, 36, 74, 78, 51, 74, 43, 54, 0, 0, 0, 0, 0, 0, 0, 0, 0, 0, 0, 0, 0
361, 51, 95, 59, 33, 52, 47, 73, 0, 0, 0, 0, 0, 0, 0, 0, 0, 0, 0, 0, 0
362, 43, 65, 29, 63, 90, 59, 61, 0, 0, 0, 0, 0, 0, 0, 0, 0, 0, 0, 0, 0
363, 46, 106, 59, 55, 33, 33, 78, 0, 0, 0, 0, 0, 0, 0, 0, 0, 0, 0, 0, 0
364, 52, 50, 88, 29, 110, 42, 39, 0, 0, 0, 0, 0, 0, 0, 0, 0, 0, 0, 0, 0
365, 39, 142, 7, 60, 39, 33, 90, 0, 0, 0, 0, 0, 0, 0, 0, 0, 0, 0, 0, 0
366, 51, 45, 33, 29, 123, 75, 54, 0, 0, 0, 0, 0, 0, 0, 0, 0, 0, 0, 0, 0
367, 26, 150, 55, 48, 53, 24, 54, 0, 0, 0, 0, 0, 0, 0, 0, 0, 0, 0, 0, 0
368, 56, 75, 33, 31, 78, 65, 72, 0, 0, 0, 0, 0, 0, 0, 0, 0, 0, 0, 0, 0
369, 41, 112, 40, 51, 63, 37, 66, 0, 0, 0, 0, 0, 0, 0, 0, 0, 0, 0, 0, 0
370, 36, 44, 60, 60, 74, 79, 57, 0, 0, 0, 0, 0, 0, 0, 0, 0, 0, 0, 0, 0
371, 44, 141, 52, 35, 50, 11, 77, 0, 0, 0, 0, 0, 0, 0, 0, 0, 0, 0, 0, 0
372, 51, 68, 35, 47, 94, 77, 38, 0, 0, 0, 0, 0, 0, 0, 0, 0, 0, 0, 0, 0
373, 60, 98, 35, 71, 72, 13, 61, 0, 0, 0, 0, 0, 0, 0, 0, 0, 0, 0, 0, 0
374, 60, 68, 37, 27, 88, 57, 73, 0, 0, 0, 0, 0, 0, 0, 0, 0, 0, 0, 0, 0
375, 27, 106, 57, 62, 39, 39, 80, 0, 0, 0, 0, 0, 0, 0, 0, 0, 0, 0, 0, 0
376, 53, 55, 69, 32, 91, 42, 68, 0, 0, 0, 0, 0, 0, 0, 0, 0, 0, 0, 0, 0
377, 45, 137, 43, 44, 54, 35, 52, 0, 0, 0, 0, 0, 0, 0, 0, 0, 0, 0, 0, 0
378, 40, 81, 42, 36, 90, 52, 69, 0, 0, 0, 0, 0, 0, 0, 0, 0, 0, 0, 0, 0
379, 45, 95, 37, 51, 49, 40, 93, 0, 0, 0, 0, 0, 0, 0, 0, 0, 0, 0, 0, 0
380, 79, 44, 76, 41, 93, 42, 35, 0, 0, 0, 0, 0, 0, 0, 0, 0, 0, 0, 0, 0
381, 36, 138, 28, 37, 35, 55, 81, 0, 0, 0, 0, 0, 0, 0, 0, 0, 0, 0, 0, 0
382, 45, 51, 33, 34, 132, 40, 75, 0, 0, 0, 0, 0, 0, 0, 0, 0, 0, 0, 0, 0
383, 39, 133, 48, 44, 60, 47, 39, 0, 0, 0, 0, 0, 0, 0, 0, 0, 0, 0, 0, 0
384, 36, 52, 58, 56, 65, 68, 75, 0, 0, 0, 0, 0, 0, 0, 0, 0, 0, 0, 0, 0
385, 38, 138, 61, 28, 70, 19, 56, 0, 0, 0, 0, 0, 0, 0, 0, 0, 0, 0, 0, 0
386, 35, 85, 27, 90, 65, 35, 73, 0, 0, 0, 0, 0, 0, 0, 0, 0, 0, 0, 0, 0
387, 75, 63, 50, 29, 81, 62, 50, 0, 0, 0, 0, 0, 0, 0, 0, 0, 0, 0, 0, 0
388, 34, 131, 34, 36, 55, 45, 75, 0, 0, 0, 0, 0, 0, 0, 0, 0, 0, 0, 0, 0
389, 40, 58, 62, 65, 80, 53, 52, 0, 0, 0, 0, 0, 0, 0, 0, 0, 0, 0, 0, 0
390, 50, 121, 31, 50, 58, 27, 73, 0, 0, 0, 0, 0, 0, 0, 0, 0, 0, 0, 0, 0
391, 36, 38, 33, 38, 73, 86, 106, 0, 0, 0, 0, 0, 0, 0, 0, 0, 0, 0, 0, 0
392, 50, 162, 34, 50, 69, 7, 38, 0, 0, 0, 0, 0, 0, 0, 0, 0, 0, 0, 0, 0
393, 26, 84, 61, 63, 54, 49, 73, 0, 0, 0, 0, 0, 0, 0, 0, 0, 0, 0, 0, 0
394, 83, 68, 51, 29, 87, 40, 52, 0, 0, 0, 0, 0, 0, 0, 0, 0, 0, 0, 0, 0
395, 35, 84, 43, 65, 42, 74, 67, 0, 0, 0, 0, 0, 0, 0, 0, 0, 0, 0, 0, 0
396, 54, 71, 37, 27, 87, 60, 74, 0, 0, 0, 0, 0, 0, 0, 0, 0, 0, 0, 0, 0
397, 27, 107, 39, 44, 62, 34, 97, 0, 0, 0, 0, 0, 0, 0, 0, 0, 0, 0, 0, 0
398, 56, 74, 35, 58, 76, 64, 47, 0, 0, 0, 0, 0, 0, 0, 0, 0, 0, 0, 0, 0
399, 36, 60, 83, 37, 57, 63, 74, 0, 0, 0, 0, 0, 0, 0, 0, 0, 0, 0, 0, 0
400, 41, 112, 38, 39, 90, 38, 52, 0, 0, 0, 0, 0, 0, 0, 0, 0, 0, 0, 0, 0
401, 103, 62, 33, 51, 63, 46, 52, 0, 0, 0, 0, 0, 0, 0, 0, 0, 0, 0, 0, 0
402, 9, 105, 70, 56, 65, 41, 64, 0, 0, 0, 0, 0, 0, 0, 0, 0, 0, 0, 0, 0
403, 76, 53, 54, 37, 68, 49, 73, 0, 0, 0, 0, 0, 0, 0, 0, 0, 0, 0, 0, 0
404, 14, 139, 56, 48, 56, 39, 58, 0, 0, 0, 0, 0, 0, 0, 0, 0, 0, 0, 0, 0
405, 58, 59, 23, 32, 91, 85, 62, 0, 0, 0, 0, 0, 0, 0, 0, 0, 0, 0, 0, 0
406, 45, 128, 53, 65, 49, 19, 51, 0, 0, 0, 0, 0, 0, 0, 0, 0, 0, 0, 0, 0
407, 39, 36, 23, 29, 81, 84, 118, 0, 0, 0, 0, 0, 0, 0, 0, 0, 0, 0, 0, 0
408, 34, 167, 33, 43, 40, 16, 77, 0, 0, 0, 0, 0, 0, 0, 0, 0, 0, 0, 0, 0
409, 51, 81, 34, 43, 95, 67, 39, 0, 0, 0, 0, 0, 0, 0, 0, 0, 0, 0, 0, 0
410, 53, 96, 64, 60, 59, 19, 59, 0, 0, 0, 0, 0, 0, 0, 0, 0, 0, 0, 0, 0
411, 42, 41, 79, 41, 72, 48, 87, 0, 0, 0, 0, 0, 0, 0, 0, 0, 0, 0, 0, 0
412, 46, 168, 27, 50, 60, 29, 30, 0, 0, 0, 0, 0, 0, 0, 0, 0, 0, 0, 0, 0
413, 19, 48, 70, 52, 74, 73, 74, 0, 0, 0, 0, 0, 0, 0, 0, 0, 0, 0, 0, 0
414, 41, 149, 48, 23, 45, 43, 61, 0, 0, 0, 0, 0, 0, 0, 0, 0, 0, 0, 0, 0
415, 82, 66, 36, 39, 92, 26, 69, 0, 0, 0, 0, 0, 0, 0, 0, 0, 0, 0, 0, 0
416, 34, 135, 30, 50, 34, 59, 68, 0, 0, 0, 0, 0, 0, 0, 0, 0, 0, 0, 0, 0
417, 38, 60, 48, 37, 137, 45, 45, 0, 0, 0, 0, 0, 0, 0, 0, 0, 0, 0, 0, 0
418, 32, 101, 38, 46, 69, 65, 59, 0, 0, 0, 0, 0, 0, 0, 0, 0, 0, 0, 0, 0
419, 47, 60, 58, 55, 53, 55, 82, 0, 0, 0, 0, 0, 0, 0, 0, 0, 0, 0, 0, 0
420, 43, 108, 70, 31, 76, 40, 42, 0, 0, 0, 0, 0, 0, 0, 0, 0, 0, 0, 0, 0
421, 48, 66, 28, 80, 59, 39, 90, 0, 0, 0, 0, 0, 0, 0, 0, 0, 0, 0, 0, 0
422, 96, 75, 42, 25, 81, 56, 35, 0, 0, 0, 0, 0, 0, 0, 0, 0, 0, 0, 0, 0
423, 32, 72, 37, 82, 82, 53, 52, 0, 0, 0, 0, 0, 0, 0, 0, 0, 0, 0, 0, 0
424, 40, 118, 49, 27, 40, 36, 100, 0, 0, 0, 0, 0, 0, 0, 0, 0, 0, 0, 0, 0
425, 64, 52, 59, 39, 114, 34, 48, 0, 0, 0, 0, 0, 0, 0, 0, 0, 0, 0, 0, 0
426, 36, 121, 24, 48, 44, 64, 73, 0, 0, 0, 0, 0, 0, 0, 0, 0, 0, 0, 0, 0
427, 35, 53, 67, 38, 92, 76, 49, 0, 0, 0, 0, 0, 0, 0, 0, 0, 0, 0, 0, 0
428, 51, 150, 21, 48, 30, 28, 82, 0, 0, 0, 0, 0, 0, 0, 0, 0, 0, 0, 0, 0
429, 45, 54, 62, 39, 134, 36, 40, 0, 0, 0, 0, 0, 0, 0, 0, 0, 0, 0, 0, 0
430, 41, 115, 26, 33, 46, 72, 77, 0, 0, 0, 0, 0, 0, 0, 0, 0, 0, 0, 0, 0
431, 43, 56, 53, 65, 85, 56, 52, 0, 0, 0, 0, 0, 0, 0, 0, 0, 0, 0, 0, 0
432, 49, 138, 31, 38, 58, 30, 66, 0, 0, 0, 0, 0, 0, 0, 0, 0, 0, 0, 0, 0
433, 40, 65, 50, 32, 87, 69, 67, 0, 0, 0, 0, 0, 0, 0, 0, 0, 0, 0, 0, 0
434, 38, 92, 74, 65, 39, 36, 66, 0, 0, 0, 0, 0, 0, 0, 0, 0, 0, 0, 0, 0
435, 56, 59, 70, 29, 96, 35, 65, 0, 0, 0, 0, 0, 0, 0, 0, 0, 0, 0, 0, 0
436, 43, 121, 18, 57, 49, 48, 74, 0, 0, 0, 0, 0, 0, 0, 0, 0, 0, 0, 0, 0
437, 42, 88, 74, 31, 81, 46, 48, 0, 0, 0, 0, 0, 0, 0, 0, 0, 0, 0, 0, 0
438, 66, 51, 25, 55, 90, 59, 64, 0, 0, 0, 0, 0, 0, 0, 0, 0, 0, 0, 0, 0
439, 17, 154, 52, 58, 19, 36, 74, 0, 0, 0, 0, 0, 0, 0, 0, 0, 0, 0, 0, 0
440, 41, 49, 73, 27, 132, 21, 67, 0, 0, 0, 0, 0, 0, 0, 0, 0, 0, 0, 0, 0
441, 48, 112, 32, 54, 51, 60, 53, 0, 0, 0, 0, 0, 0, 0, 0, 0, 0, 0, 0, 0
442, 36, 56, 94, 30, 82, 70, 42, 0, 0, 0, 0, 0, 0, 0, 0, 0, 0, 0, 0, 0
443, 57, 138, 10, 47, 42, 26, 90, 0, 0, 0, 0, 0, 0, 0, 0, 0, 0, 0, 0, 0
444, 58, 59, 60, 35, 117, 37, 44, 0, 0, 0, 0, 0, 0, 0, 0, 0, 0, 0, 0, 0
445, 34, 108, 35, 64, 37, 59, 73, 0, 0, 0, 0, 0, 0, 0, 0, 0, 0, 0, 0, 0
446, 58, 85, 50, 28, 92, 45, 52, 0, 0, 0, 0, 0, 0, 0, 0, 0, 0, 0, 0, 0
447, 59, 62, 39, 68, 80, 41, 61, 0, 0, 0, 0, 0, 0, 0, 0, 0, 0, 0, 0, 0
448, 25, 120, 72, 26, 50, 48, 69, 0, 0, 0, 0, 0, 0, 0, 0, 0, 0, 0, 0, 0
449, 44, 69, 39, 68, 79, 62, 49, 0, 0, 0, 0, 0, 0, 0, 0, 0, 0, 0, 0, 0
450, 34, 100, 38, 56, 52, 41, 89, 0, 0, 0, 0, 0, 0, 0, 0, 0, 0, 0, 0, 0
451, 68, 59, 31, 33, 92, 69, 58, 0, 0, 0, 0, 0, 0, 0, 0, 0, 0, 0, 0, 0
452, 34, 129, 57, 62, 34, 28, 66, 0, 0, 0, 0, 0, 0, 0, 0, 0, 0, 0, 0, 0
453, 57, 89, 31, 28, 99, 48, 58, 0, 0, 0, 0, 0, 0, 0, 0, 0, 0, 0, 0, 0
454, 56, 24, 28, 69, 83, 70, 80, 0, 0, 0, 0, 0, 0, 0, 0, 0, 0, 0, 0, 0
455, 55, 109, 79, 29, 69, 30, 39, 0, 0, 0, 0, 0, 0, 0, 0, 0, 0, 0, 0, 0
456, 27, 75, 23, 85, 46, 45, 109, 0, 0, 0, 0, 0, 0, 0, 0, 0, 0, 0, 0, 0
457, 51, 93, 48, 32, 95, 47, 44, 0, 0, 0, 0, 0, 0, 0, 0, 0, 0, 0, 0, 0
458, 41, 62, 77, 59, 50, 52, 69, 0, 0, 0, 0, 0, 0, 0, 0, 0, 0, 0, 0, 0
459, 64, 72, 35, 55, 88, 53, 43, 0, 0, 0, 0, 0, 0, 0, 0, 0, 0, 0, 0, 0
460, 34, 79, 33, 29, 49, 86, 100, 0, 0, 0, 0, 0, 0, 0, 0, 0, 0, 0, 0, 0
461, 39, 99, 56, 59, 85, 36, 36, 0, 0, 0, 0, 0, 0, 0, 0, 0, 0, 0, 0, 0
462, 56, 55, 33, 38, 125, 39, 64, 0, 0, 0, 0, 0, 0, 0, 0, 0, 0, 0, 0, 0
463, 39, 134, 41, 47, 28, 43, 78, 0, 0, 0, 0, 0, 0, 0, 0, 0, 0, 0, 0, 0
464, 56, 56, 69, 33, 122, 32, 42, 0, 0, 0, 0, 0, 0, 0, 0, 0, 0, 0, 0, 0
465, 36, 125, 29, 47, 45, 46, 82, 0, 0, 0, 0, 0, 0, 0, 0, 0, 0, 0, 0, 0
466, 25, 64, 89, 55, 84, 35, 58, 0, 0, 0, 0, 0, 0, 0, 0, 0, 0, 0, 0, 0
467, 25, 128, 42, 30, 59, 52, 74, 0, 0, 0, 0, 0, 0, 0, 0, 0, 0, 0, 0, 0
468, 92, 57, 50, 44, 82, 31, 54, 0, 0, 0, 0, 0, 0, 0, 0, 0, 0, 0, 0, 0
469, 36, 130, 31, 56, 42, 43, 72, 0, 0, 0, 0, 0, 0, 0, 0, 0, 0, 0, 0, 0
470, 69, 62, 42, 24, 101, 55, 57, 0, 0, 0, 0, 0, 0, 0, 0, 0, 0, 0, 0, 0
471, 39, 125, 45, 59, 50, 44, 48, 0, 0, 0, 0, 0, 0, 0, 0, 0, 0, 0, 0, 0
472, 24, 68, 69, 41, 78, 51, 79, 0, 0, 0, 0, 0, 0, 0, 0, 0, 0, 0, 0, 0
473, 64, 88, 25, 79, 49, 45, 60, 0, 0, 0, 0, 0, 0, 0, 0, 0, 0, 0, 0, 0
474, 27, 57, 52, 39, 88, 51, 96, 0, 0, 0, 0, 0, 0, 0, 0, 0, 0, 0, 0, 0
475, 29, 99, 72, 83, 54, 38, 35, 0, 0, 0, 0, 0, 0, 0, 0, 0, 0, 0, 0, 0
476, 75, 52, 24, 9, 80, 75, 95, 0, 0, 0, 0, 0, 0, 0, 0, 0, 0, 0, 0, 0
477, 12, 147, 69, 42, 57, 38, 45, 0, 0, 0, 0, 0, 0, 0, 0, 0, 0, 0, 0, 0
478, 45, 55, 43, 58, 70, 69, 70, 0, 0, 0, 0, 0, 0, 0, 0, 0, 0, 0, 0, 0
479, 50, 127, 34, 51, 72, 21, 55, 0, 0, 0, 0, 0, 0, 0, 0, 0, 0, 0, 0, 0
480, 35, 33, 70, 63, 53, 93, 63, 0, 0, 0, 0, 0, 0, 0, 0, 0, 0, 0, 0, 0
481, 43, 162, 31, 37, 79, 7, 51, 0, 0, 0, 0, 0, 0, 0, 0, 0, 0, 0, 0, 0
482, 33, 93, 67, 46, 45, 50, 76, 0, 0, 0, 0, 0, 0, 0, 0, 0, 0, 0, 0, 0
483, 77, 44, 42, 37, 101, 41, 68, 0, 0, 0, 0, 0, 0, 0, 0, 0, 0, 0, 0, 0
484, 36, 142, 36, 43, 40, 56, 57, 0, 0, 0, 0, 0, 0, 0, 0, 0, 0, 0, 0, 0
485, 36, 91, 57, 29, 90, 44, 63, 0, 0, 0, 0, 0, 0, 0, 0, 0, 0, 0, 0, 0
486, 72, 52, 30, 75, 81, 43, 57, 0, 0, 0, 0, 0, 0, 0, 0, 0, 0, 0, 0, 0
487, 36, 129, 50, 28, 37, 56, 74, 0, 0, 0, 0, 0, 0, 0, 0, 0, 0, 0, 0, 0
488, 32, 41, 45, 57, 93, 95, 47, 0, 0, 0, 0, 0, 0, 0, 0, 0, 0, 0, 0, 0
489, 48, 172, 31, 39, 33, 12, 75, 0, 0, 0, 0, 0, 0, 0, 0, 0, 0, 0, 0, 0
490, 62, 51, 39, 35, 107, 65, 51, 0, 0, 0, 0, 0, 0, 0, 0, 0, 0, 0, 0, 0
491, 34, 148, 38, 63, 45, 21, 61, 0, 0, 0, 0, 0, 0, 0, 0, 0, 0, 0, 0, 0
492, 75, 63, 44, 29, 88, 46, 65, 0, 0, 0, 0, 0, 0, 0, 0, 0, 0, 0, 0, 0
493, 34, 121, 43, 68, 32, 45, 67, 0, 0, 0, 0, 0, 0, 0, 0, 0, 0, 0, 0, 0
494, 63, 84, 55, 25, 95, 49, 39, 0, 0, 0, 0, 0, 0, 0, 0, 0, 0, 0, 0, 0
495, 51, 45, 37, 67, 77, 58, 75, 0, 0, 0, 0, 0, 0, 0, 0, 0, 0, 0, 0, 0
496, 40, 152, 44, 39, 44, 32, 59, 0, 0, 0, 0, 0, 0, 0, 0, 0, 0, 0, 0, 0
497, 45, 68, 44, 34, 100, 62, 57, 0, 0, 0, 0, 0, 0, 0, 0, 0, 0, 0, 0, 0
498, 36, 86, 62, 93, 39, 24, 70, 0, 0, 0, 0, 0, 0, 0, 0, 0, 0, 0, 0, 0
499, 54, 61, 32, 35, 104, 56, 68, 0, 0, 0, 0, 0, 0, 0, 0, 0, 0, 0, 0, 0
500, 42, 117, 49, 40, 53, 53, 56, 0, 0, 0, 0, 0, 0, 0, 0, 0, 0, 0, 0, 0
501, 30, 70, 61, 51, 82, 51, 65, 0, 0, 0, 0, 0, 0, 0, 0, 0, 0, 0, 0, 0
502, 60, 76, 58, 55, 33, 64, 64, 0, 0, 0, 0, 0, 0, 0, 0, 0, 0, 0, 0, 0
503, 38, 58, 65, 29, 100, 43, 77, 0, 0, 0, 0, 0, 0, 0, 0, 0, 0, 0, 0, 0
504, 19, 142, 49, 51, 54, 37, 58, 0, 0, 0, 0, 0, 0, 0, 0, 0, 0, 0, 0, 0
505, 67, 65, 27, 30, 81, 78, 62, 0, 0, 0, 0, 0, 0, 0, 0, 0, 0, 0, 0, 0
506, 39, 125, 32, 62, 65, 21, 66, 0, 0, 0, 0, 0, 0, 0, 0, 0, 0, 0, 0, 0
507, 22, 55, 88, 56, 74, 60, 55, 0, 0, 0, 0, 0, 0, 0, 0, 0, 0, 0, 0, 0
508, 44, 157, 46, 22, 43, 24, 74, 0, 0, 0, 0, 0, 0, 0, 0, 0, 0, 0, 0, 0
509, 54, 49, 33, 56, 102, 76, 40, 0, 0, 0, 0, 0, 0, 0, 0, 0, 0, 0, 0, 0
510, 37, 151, 32, 32, 48, 36, 74, 0, 0, 0, 0, 0, 0, 0, 0, 0, 0, 0, 0, 0
511, 33, 51, 60, 52, 81, 81, 52, 0, 0, 0, 0, 0, 0, 0, 0, 0, 0, 0, 0, 0
512, 52, 113, 22, 58, 60, 32, 73, 0, 0, 0, 0, 0, 0, 0, 0, 0, 0, 0, 0, 0
513, 39, 43, 107, 29, 74, 66, 52, 0, 0, 0, 0, 0, 0, 0, 0, 0, 0, 0, 0, 0
514, 26, 161, 27, 44, 51, 21, 80, 0, 0, 0, 0, 0, 0, 0, 0, 0, 0, 0, 0, 0
515, 57, 88, 41, 43, 88, 59, 34, 0, 0, 0, 0, 0, 0, 0, 0, 0, 0, 0, 0, 0
516, 77, 62, 46, 45, 56, 35, 89, 0, 0, 0, 0, 0, 0, 0, 0, 0, 0, 0, 0, 0
517, 36, 78, 42, 53, 85, 64, 52, 0, 0, 0, 0, 0, 0, 0, 0, 0, 0, 0, 0, 0
518, 46, 94, 37, 34, 52, 64, 83, 0, 0, 0, 0, 0, 0, 0, 0, 0, 0, 0, 0, 0
519, 43, 74, 64, 44, 87, 51, 47, 0, 0, 0, 0, 0, 0, 0, 0, 0, 0, 0, 0, 0
520, 49, 99, 35, 45, 50, 48, 84, 0, 0, 0, 0, 0, 0, 0, 0, 0, 0, 0, 0, 0
521, 75, 40, 50, 39, 96, 67, 43, 0, 0, 0, 0, 0, 0, 0, 0, 0, 0, 0, 0, 0
522, 34, 163, 29, 55, 22, 21, 86, 0, 0, 0, 0, 0, 0, 0, 0, 0, 0, 0, 0, 0
523, 39, 42, 51, 38, 130, 78, 32, 0, 0, 0, 0, 0, 0, 0, 0, 0, 0, 0, 0, 0
524, 41, 160, 38, 32, 42, 27, 70, 0, 0, 0, 0, 0, 0, 0, 0, 0, 0, 0, 0, 0
525, 46, 73, 43, 37, 97, 62, 52, 0, 0, 0, 0, 0, 0, 0, 0, 0, 0, 0, 0, 0
526, 56, 71, 40, 55, 62, 55, 71, 0, 0, 0, 0, 0, 0, 0, 0, 0, 0, 0, 0, 0
527, 33, 118, 71, 32, 68, 24, 64, 0, 0, 0, 0, 0, 0, 0, 0, 0, 0, 0, 0, 0
528, 43, 45, 72, 36, 76, 68, 70, 0, 0, 0, 0, 0, 0, 0, 0, 0, 0, 0, 0, 0
529, 15, 149, 34, 52, 56, 37, 67, 0, 0, 0, 0, 0, 0, 0, 0, 0, 0, 0, 0, 0
530, 71, 68, 23, 36, 75, 72, 65, 0, 0, 0, 0, 0, 0, 0, 0, 0, 0, 0, 0, 0
531, 39, 118, 53, 43, 66, 41, 50, 0, 0, 0, 0, 0, 0, 0, 0, 0, 0, 0, 0, 0
532, 37, 65, 61, 55, 65, 56, 71, 0, 0, 0, 0, 0, 0, 0, 0, 0, 0, 0, 0, 0
533, 54, 122, 34, 36, 76, 31, 57, 0, 0, 0, 0, 0, 0, 0, 0, 0, 0, 0, 0, 0
534, 46, 58, 46, 79, 56, 48, 77, 0, 0, 0, 0, 0, 0, 0, 0, 0, 0, 0, 0, 0
535, 43, 114, 36, 36, 83, 44, 54, 0, 0, 0, 0, 0, 0, 0, 0, 0, 0, 0, 0, 0
536, 53, 49, 73, 55, 38, 69, 73, 0, 0, 0, 0, 0, 0, 0, 0, 0, 0, 0, 0, 0
537, 34, 126, 49, 25, 96, 28, 52, 0, 0, 0, 0, 0, 0, 0, 0, 0, 0, 0, 0, 0
538, 72, 54, 47, 49, 55, 74, 59, 0, 0, 0, 0, 0, 0, 0, 0, 0, 0, 0, 0, 0
539, 19, 115, 45, 41, 73, 28, 89, 0, 0, 0, 0, 0, 0, 0, 0, 0, 0, 0, 0, 0
540, 58, 97, 44, 76, 64, 36, 35, 0, 0, 0, 0, 0, 0, 0, 0, 0, 0, 0, 0, 0
541, 32, 46, 70, 42, 76, 59, 85, 0, 0, 0, 0, 0, 0, 0, 0, 0, 0, 0, 0, 0
542, 50, 154, 30, 35, 52, 32, 57, 0, 0, 0, 0, 0, 0, 0, 0, 0, 0, 0, 0, 0
543, 44, 64, 65, 58, 79, 48, 52, 0, 0, 0, 0, 0, 0, 0, 0, 0, 0, 0, 0, 0
544, 53, 103, 29, 52, 60, 46, 67, 0, 0, 0, 0, 0, 0, 0, 0, 0, 0, 0, 0, 0
545, 43, 40, 90, 41, 73, 51, 72, 0, 0, 0, 0, 0, 0, 0, 0, 0, 0, 0, 0, 0
546, 42, 161, 24, 50, 59, 23, 51, 0, 0, 0, 0, 0, 0, 0, 0, 0, 0, 0, 0, 0
547, 31, 93, 74, 29, 73, 44, 66, 0, 0, 0, 0, 0, 0, 0, 0, 0, 0, 0, 0, 0
548, 32, 94, 52, 44, 70, 44, 74, 0, 0, 0, 0, 0, 0, 0, 0, 0, 0, 0, 0, 0
