0, 11, 94, 11, 11, 94, 11, 75, 0
1, 87, 58, 82, 45, 76, 59, 98, 0
2, 76, 212, 29, 73, 191, 48, 135, 0
3, 68, 100, 75, 83, 158, 78, 158, 0
4, 83, 219, 64, 43, 226, 45, 120, 0
5, 29, 100, 85, 82, 145, 71, 177, 0
6, 76, 145, 85, 31, 76, 66, 169, 0
7, 82, 76, 68, 38, 297, 52, 135, 0
8, 52, 151, 73, 90, 132, 68, 158, 0
9, 75, 76, 83, 76, 198, 69, 135, 0
10, 92, 113, 89, 62, 138, 66, 75, 0
11, 34, 64, 87, 62, 205, 90, 135, 0
12, 68, 233, 82, 82, 125, 32, 83, 0
13, 73, 107, 68, 80, 254, 89, 143, 0
14, 71, 151, 82, 85, 113, 43, 166, 0
15, 83, 76, 60, 55, 268, 62, 113, 0
16, 76, 138, 76, 76, 119, 69, 166, 0
17, 75, 70, 87, 66, 219, 80, 120, 0
18, 85, 191, 87, 78, 107, 45, 68, 0
19, 64, 94, 82, 66, 212, 85, 158, 0
20, 90, 132, 39, 66, 132, 76, 147, 0
21, 69, 171, 57, 57, 247, 53, 102, 0
22, 76, 82, 45, 80, 132, 85, 173, 0
23, 85, 164, 69, 45, 191, 69, 90, 0
24, 29, 113, 85, 76, 151, 64, 181, 0
25, 60, 158, 83, 52, 76, 69, 169, 0
26, 57, 82, 59, 80, 254, 66, 147, 0
27, 82, 226, 64, 60, 119, 36, 139, 0
28, 62, 107, 76, 73, 247, 85, 154, 0
29, 75, 145, 82, 89, 113, 46, 135, 0
30, 43, 88, 82, 64, 212, 71, 132, 0
31, 78, 164, 29, 76, 132, 66, 147, 0
32, 62, 82, 87, 75, 191, 64, 102, 0
33, 64, 132, 66, 75, 107, 55, 151, 0
34, 75, 70, 78, 69, 212, 55, 117, 0
35, 45, 125, 85, 82, 100, 71, 124, 0
36, 78, 70, 75, 78, 205, 73, 72, 0
37, 76, 171, 25, 57, 164, 69, 177, 0
38, 66, 82, 83, 64, 164, 80, 113, 0
39, 64, 151, 64, 50, 145, 73, 143, 0
40, 59, 76, 82, 59, 198, 73, 120, 0
41, 69, 240, 87, 66, 119, 53, 68, 0
42, 85, 107, 45, 69, 219, 87, 192, 0
43, 78, 138, 78, 85, 107, 52, 120, 0
44, 97, 70, 31, 71, 198, 89, 147, 0
45, 50, 107, 80, 76, 125, 78, 117, 0
46, 82, 76, 48, 25, 219, 85, 158, 0
47, 60, 164, 80, 90, 100, 55, 83, 0
48, 60, 82, 80, 50, 261, 76, 154, 0
49, 52, 185, 68, 71, 119, 83, 147, 0
50, 73, 88, 75, 66, 240, 83, 151, 0
51, 78, 145, 55, 89, 145, 50, 132, 0
52, 83, 76, 36, 59, 185, 82, 154, 0
53, 57, 191, 78, 85, 125, 36, 117, 0
54, 73, 94, 76, 76, 233, 80, 139, 0
55, 62, 145, 76, 83, 125, 55, 139, 0
56, 62, 100, 82, 39, 226, 59, 147, 0
57, 43, 138, 66, 71, 107, 83, 139, 0
58, 75, 70, 76, 52, 254, 71, 120, 0
59, 64, 119, 66, 83, 113, 55, 154, 0
60, 69, 82, 53, 73, 233, 60, 117, 0
61, 34, 151, 82, 69, 107, 62, 154, 0
62, 78, 76, 73, 82, 191, 52, 105, 0
63, 41, 113, 75, 73, 100, 69, 166, 0
64, 73, 107, 73, 59, 198, 45, 124, 0
65, 52, 185, 45, 80, 125, 57, 154, 0
66, 87, 88, 83, 66, 171, 85, 113, 0
67, 60, 52, 76, 83, 164, 71, 139, 0
68, 89, 283, 75, 52, 82, 48, 154, 0
69, 73, 125, 82, 85, 261, 87, 124, 0
70, 75, 113, 87, 85, 119, 52, 166, 0
71, 55, 158, 83, 32, 158, 68, 181, 0
72, 75, 82, 69, 82, 178, 69, 117, 0
73, 64, 132, 75, 73, 132, 52, 143, 0
74, 76, 70, 82, 52, 219, 60, 128, 0
75, 62, 240, 45, 82, 100, 41, 166, 0
76, 75, 107, 89, 68, 240, 82, 117, 0
77, 66, 164, 78, 89, 107, 36, 166, 0
78, 22, 88, 85, 75, 171, 66, 173, 0
79, 92, 125, 66, 62, 82, 62, 147, 0
80, 75, 70, 75, 78, 205, 68, 113, 0
81, 82, 82, 64, 57, 138, 68, 151, 0
82, 82, 212, 60, 45, 226, 32, 117, 0
83, 29, 100, 83, 82, 145, 82, 177, 0
84, 76, 178, 82, 32, 94, 57, 177, 0
85, 103, 88, 62, 53, 240, 71, 132, 0
86, 50, 94, 75, 83, 145, 66, 151, 0
87, 46, 151, 83, 85, 76, 66, 139, 0
88, 83, 76, 59, 71, 261, 60, 113, 0
89, 59, 198, 71, 83, 119, 38, 169, 0
90, 76, 94, 68, 71, 240, 87, 162, 0
91, 66, 178, 78, 87, 125, 45, 132, 0
92, 82, 88, 69, 31, 233, 92, 147, 0
93, 64, 151, 69, 94, 107, 62, 120, 0
94, 80, 76, 46, 43, 254, 82, 158, 0
95, 52, 171, 80, 85, 113, 76, 109, 0
96, 73, 82, 83, 71, 240, 64, 154, 0
97, 55, 145, 75, 83, 107, 68, 135, 0
98, 73, 76, 87, 68, 240, 71, 117, 0
99, 82, 46, 57, 80, 119, 83, 154, 0
100, 68, 233, 83, 52, 64, 80, 158, 0
101, 69, 125, 57, 83, 145, 71, 109, 0
102, 97, 70, 41, 73, 151, 60, 151, 0
103, 87, 125, 62, 57, 151, 64, 102, 0
104, 57, 145, 60, 64, 158, 57, 151, 0
105, 85, 76, 46, 69, 198, 71, 120, 0
106, 29, 171, 59, 82, 119, 78, 147, 0
107, 83, 82, 76, 71, 226, 60, 109, 0
108, 78, 132, 66, 71, 107, 50, 166, 0
109, 69, 70, 90, 78, 185, 73, 105, 0
110, 76, 226, 53, 59, 151, 39, 154, 0
111, 76, 107, 85, 78, 191, 87, 98, 0
112, 68, 58, 82, 78, 132, 62, 166, 0
113, 43, 240, 94, 32, 82, 75, 143, 0
114, 76, 113, 73, 8, 219, 76, 166, 0
115, 55, 145, 62, 92, 119, 60, 109, 0
116, 78, 76, 53, 39, 226, 87, 154, 0
117, 64, 119, 75, 89, 107, 59, 124, 0
118, 75, 70, 52, 43, 312, 73, 113, 0
119, 68, 212, 80, 90, 132, 64, 135, 0
120, 76, 100, 76, 82, 226, 80, 154, 0
121, 78, 178, 85, 82, 107, 45, 120, 0
122, 69, 88, 90, 76, 290, 73, 120, 0
123, 62, 212, 66, 83, 125, 39, 169, 0
124, 83, 100, 73, 36, 233, 75, 135, 0
125, 57, 205, 78, 78, 107, 45, 128, 0
126, 94, 94, 69, 57, 233, 78, 151, 0
127, 80, 58, 64, 87, 145, 78, 128, 0
128, 69, 219, 55, 76, 212, 38, 98, 0
129, 78, 100, 75, 76, 100, 82, 181, 0
130, 39, 212, 82, 41, 226, 50, 177, 0
131, 94, 100, 60, 55, 185, 89, 154, 0
132, 59, 145, 60, 89, 164, 62, 120, 0
133, 96, 76, 39, 75, 151, 80, 154, 0
134, 64, 145, 71, 78, 158, 46, 124, 0
135, 71, 88, 85, 48, 145, 60, 135, 0
136, 92, 233, 29, 66, 158, 38, 128, 0
137, 68, 107, 85, 68, 171, 92, 154, 0
138, 89, 171, 53, 48, 198, 55, 154, 0
139, 62, 82, 73, 89, 158, 90, 124, 0
140, 73, 88, 75, 66, 178, 55, 147, 0
141, 89, 113, 68, 76, 185, 48, 79, 0
142, 46, 132, 82, 62, 125, 53, 169, 0
143, 59, 132, 59, 73, 138, 50, 162, 0
144, 75, 70, 87, 78, 171, 71, 87, 0
145, 60, 198, 55, 46, 132, 68, 169, 0
146, 94, 94, 60, 50, 219, 89, 143, 0
147, 36, 191, 78, 71, 125, 69, 151, 0
148, 96, 94, 62, 60, 254, 71, 143, 0
149, 55, 70, 75, 83, 145, 73, 147, 0
150, 85, 132, 87, 48, 76, 62, 166, 0
151, 78, 138, 89, 82, 145, 43, 87, 0
152, 75, 70, 80, 36, 219, 80, 154, 0
153, 87, 185, 66, 59, 138, 69, 83, 0
154, 66, 88, 82, 78, 171, 87, 154, 0
155, 83, 158, 55, 53, 185, 73, 120, 0
156, 73, 82, 57, 90, 191, 50, 128, 0
157, 76, 145, 52, 75, 125, 52, 139, 0
158, 73, 76, 83, 32, 268, 69, 102, 0
159, 46, 219, 76, 82, 119, 27, 173, 0
160, 73, 100, 80, 64, 247, 92, 120, 0
161, 32, 219, 76, 80, 164, 45, 169, 0
162, 68, 100, 87, 87, 226, 73, 128, 0
163, 71, 119, 71, 78, 107, 57, 166, 0
164, 60, 64, 78, 64, 171, 89, 124, 0
165, 73, 107, 59, 83, 125, 53, 139, 0
166, 73, 70, 75, 50, 205, 52, 147, 0
167, 75, 46, 53, 87, 132, 80, 109, 0
168, 75, 171, 55, 57, 171, 45, 135, 0
169, 55, 82, 66, 76, 171, 73, 147, 0
170, 76, 171, 68, 41, 198, 64, 98, 0
171, 25, 113, 85, 78, 138, 62, 173, 0
172, 64, 82, 83, 34, 100, 80, 173, 0
173, 80, 125, 53, 31, 205, 96, 90, 0
174, 27, 82, 80, 87, 132, 57, 173, 0
175, 83, 125, 66, 50, 70, 76, 135, 0
176, 80, 70, 76, 76, 233, 55, 117, 0
177, 38, 158, 76, 82, 107, 64, 154, 0
178, 80, 82, 76, 55, 268, 59, 109, 0
179, 50, 125, 89, 83, 119, 52, 128, 0
180, 57, 70, 80, 64, 100, 68, 184, 0
181, 60, 226, 80, 64, 107, 62, 94, 0
182, 89, 107, 48, 71, 254, 90, 154, 0
183, 73, 151, 87, 82, 113, 43, 147, 0
184, 73, 76, 71, 29, 297, 96, 117, 0
185, 69, 158, 64, 73, 132, 75, 162, 0
186, 85, 82, 39, 71, 233, 64, 132, 0
187, 52, 233, 62, 82, 107, 69, 128, 0
188, 73, 107, 73, 75, 254, 71, 158, 0
189, 96, 233, 52, 83, 125, 24, 147, 0
190, 75, 107, 78, 69, 212, 83, 162, 0
191, 85, 132, 36, 82, 145, 82, 124, 0
192, 64, 119, 76, 60, 164, 55, 139, 0
193, 87, 64, 53, 52, 178, 83, 151, 0
194, 76, 247, 68, 82, 164, 29, 83, 0
195, 66, 113, 87, 71, 164, 87, 166, 0
196, 80, 158, 41, 71, 212, 57, 143, 0
197, 46, 82, 85, 82, 138, 82, 143, 0
198, 68, 226, 78, 78, 185, 39, 79, 0
199, 75, 107, 75, 75, 119, 87, 181, 0
200, 101, 82, 50, 59, 185, 78, 117, 0
201, 39, 76, 75, 80, 132, 85, 135, 0
202, 71, 76, 80, 62, 178, 53, 128, 0
203, 83, 70, 45, 78, 138, 73, 117, 0
204, 85, 171, 34, 85, 145, 46, 105, 0
205, 96, 82, 52, 87, 171, 83, 124, 0
206, 62, 226, 25, 89, 178, 64, 128, 0
207, 103, 107, 83, 73, 178, 75, 105, 0
208, 64, 125, 60, 69, 151, 64, 181, 0
209, 82, 151, 53, 69, 212, 50, 98, 0
210, 29, 76, 87, 78, 125, 73, 181, 0
211, 73, 198, 78, 73, 70, 46, 117, 0
212, 71, 94, 78, 64, 247, 83, 154, 0
213, 92, 94, 64, 89, 113, 64, 124, 0
214, 87, 125, 50, 57, 185, 55, 147, 0
215, 46, 113, 73, 73, 158, 71, 120, 0
216, 83, 178, 62, 38, 171, 46, 139, 0
217, 99, 88, 76, 64, 151, 60, 154, 0
218, 73, 185, 52, 85, 205, 41, 109, 0
219, 78, 88, 75, 83, 100, 85, 143, 0
220, 69, 76, 85, 71, 219, 76, 79, 0
221, 50, 233, 75, 69, 100, 39, 173, 0
222, 90, 107, 85, 75, 290, 83, 98, 0
223, 50, 58, 87, 85, 125, 89, 196, 0
224, 71, 219, 89, 60, 94, 59, 105, 0
225, 94, 100, 71, 66, 151, 83, 166, 0
226, 73, 226, 62, 50, 219, 46, 139, 0
227, 75, 107, 89, 68, 132, 87, 151, 0
228, 89, 226, 32, 75, 198, 39, 139, 0
229, 69, 107, 87, 78, 158, 82, 132, 0
230, 85, 94, 52, 53, 219, 78, 124, 0
231, 31, 113, 78, 85, 138, 71, 135, 0
232, 73, 119, 80, 62, 151, 66, 79, 0
233, 41, 145, 85, 68, 158, 45, 139, 0
234, 69, 76, 75, 69, 219, 82, 117, 0
235, 38, 145, 82, 83, 107, 62, 147, 0
236, 82, 94, 36, 59, 205, 71, 139, 0
237, 46, 58, 75, 82, 107, 90, 117, 0
238, 36, 138, 82, 55, 94, 75, 166, 0
239, 69, 70, 68, 68, 247, 71, 109, 0
240, 69, 46, 69, 78, 113, 82, 158, 0
241, 48, 198, 82, 71, 178, 52, 94, 0
242, 90, 94, 59, 76, 198, 78, 132, 0
243, 64, 70, 76, 78, 132, 69, 143, 0
244, 57, 138, 78, 53, 138, 48, 181, 0
245, 59, 70, 83, 78, 138, 78, 147, 0
246, 55, 158, 76, 62, 178, 53, 135, 0
247, 94, 82, 55, 76, 145, 96, 105, 0
248, 69, 70, 78, 76, 138, 53, 154, 0
249, 41, 198, 80, 41, 94, 73, 173, 0
250, 69, 94, 76, 82, 283, 60, 94, 0
251, 82, 205, 92, 60, 125, 71, 60, 0
252, 75, 94, 62, 78, 198, 73, 196, 0
253, 80, 100, 75, 75, 185, 75, 98, 0
254, 64, 151, 71, 59, 132, 46, 177, 0
255, 82, 76, 32, 80, 233, 62, 117, 0
256, 76, 212, 29, 59, 113, 71, 143, 0
257, 75, 100, 85, 66, 219, 78, 102, 0
258, 66, 138, 85, 85, 100, 38, 147, 0
259, 78, 70, 90, 46, 82, 90, 162, 0
260, 66, 226, 71, 76, 107, 34, 135, 0
261, 66, 107, 89, 78, 276, 80, 109, 0
262, 73, 58, 78, 78, 119, 78, 184, 0
263, 38, 219, 59, 60, 198, 69, 154, 0
264, 92, 100, 59, 92, 185, 60, 135, 0
265, 73, 82, 59, 87, 185, 53, 139, 0
266, 73, 125, 46, 76, 125, 60, 151, 0
267, 82, 70, 68, 45, 233, 62, 113, 0
268, 68, 138, 83, 52, 113, 52, 139, 0
269, 80, 107, 53, 48, 261, 41, 139, 0
270, 71, 113, 80, 50, 119, 52, 158, 0
271, 34, 164, 85, 82, 138, 48, 124, 0
272, 83, 82, 71, 29, 185, 96, 135, 0
273, 69, 158, 80, 68, 145, 60, 83, 0
274, 75, 82, 75, 62, 113, 83, 151, 0
275, 76, 113, 36, 73, 240, 75, 98, 0
276, 68, 64, 39, 75, 119, 80, 177, 0
277, 59, 164, 83, 60, 171, 52, 90, 0
278, 66, 82, 73, 60, 132, 73, 169, 0
279, 50, 240, 59, 78, 171, 43, 120, 0
280, 90, 107, 60, 78, 205, 82, 147, 0
281, 66, 58, 68, 69, 158, 87, 158, 0
282, 60, 212, 80, 66, 100, 53, 120, 0
283, 73, 100, 71, 68, 261, 78, 154, 0
284, 92, 100, 60, 89, 119, 60, 132, 0
285, 73, 205, 41, 73, 219, 43, 120, 0
286, 68, 94, 69, 89, 138, 85, 158, 0
287, 69, 145, 82, 68, 191, 34, 143, 0
288, 87, 76, 39, 78, 151, 78, 132, 0
289, 76, 158, 78, 75, 100, 32, 135, 0
290, 76, 82, 66, 25, 261, 82, 124, 0
291, 73, 240, 80, 25, 119, 73, 158, 0
292, 78, 107, 66, 50, 320, 90, 151, 0
293, 64, 164, 87, 92, 138, 53, 147, 0
294, 80, 82, 90, 39, 191, 75, 139, 0
295, 83, 164, 89, 62, 158, 64, 75, 0
296, 94, 82, 92, 87, 164, 66, 72, 0
297, 64, 138, 94, 76, 151, 73, 49, 0
298, 60, 70, 60, 69, 151, 60, 192, 0
299, 60, 233, 82, 43, 76, 87, 158, 0
300, 75, 164, 68, 13, 297, 71, 162, 0
301, 78, 113, 73, 76, 132, 62, 132, 0
302, 73, 64, 87, 76, 171, 52, 124, 0
303, 83, 125, 82, 55, 178, 59, 72, 0
304, 39, 100, 62, 73, 132, 60, 196, 0
305, 73, 138, 80, 57, 119, 62, 98, 0
306, 82, 70, 71, 52, 125, 75, 169, 0
307, 41, 164, 60, 69, 164, 80, 117, 0
308, 69, 82, 82, 80, 171, 76, 117, 0
309, 73, 94, 64, 41, 171, 87, 143, 0
310, 87, 138, 50, 48, 191, 53, 135, 0
311, 39, 70, 73, 82, 138, 90, 151, 0
312, 52, 198, 83, 71, 70, 60, 166, 0
313, 73, 94, 73, 68, 320, 82, 120, 0
314, 66, 240, 25, 83, 138, 68, 177, 0
315, 73, 107, 89, 75, 185, 94, 117, 0
316, 68, 145, 78, 62, 151, 57, 158, 0
317, 99, 113, 57, 52, 185, 53, 124, 0
318, 38, 113, 75, 78, 145, 66, 139, 0
319, 82, 233, 64, 38, 178, 36, 128, 0
320, 90, 107, 83, 55, 219, 85, 181, 0
321, 83, 233, 32, 87, 151, 60, 128, 0
322, 68, 107, 85, 82, 191, 89, 151, 0
323, 73, 290, 92, 62, 164, 43, 83, 0
324, 78, 125, 96, 73, 151, 94, 124, 0
325, 76, 107, 75, 68, 145, 68, 143, 0
326, 69, 76, 69, 85, 178, 46, 135, 0
327, 71, 46, 87, 75, 138, 83, 75, 0
328, 62, 305, 31, 71, 145, 46, 166, 0
329, 94, 132, 68, 82, 233, 101, 120, 0
330, 69, 94, 80, 78, 107, 60, 188, 0
331, 39, 82, 76, 69, 198, 87, 120, 0
332, 71, 240, 46, 53, 151, 45, 154, 0
333, 76, 107, 60, 82, 198, 82, 162, 0
334, 80, 171, 73, 53, 158, 76, 94, 0
335, 101, 82, 38, 96, 158, 59, 184, 0
336, 82, 52, 76, 76, 185, 83, 94, 0
337, 80, 261, 59, 52, 125, 29, 169, 0
338, 83, 119, 45, 83, 268, 60, 158, 0
339, 99, 138, 46, 64, 145, 83, 90, 0
340, 64, 70, 73, 71, 164, 53, 181, 0
341, 43, 233, 83, 66, 82, 76, 166, 0
342, 78, 107, 90, 82, 240, 89, 87, 0
343, 68, 107, 83, 73, 107, 55, 188, 0
344, 69, 145, 75, 62, 151, 60, 120, 0
345, 73, 76, 69, 48, 178, 78, 151, 0
346, 60, 212, 55, 80, 125, 68, 87, 0
347, 75, 100, 78, 59, 185, 85, 154, 0
348, 92, 219, 69, 71, 158, 38, 83, 0
349, 68, 100, 76, 68, 164, 75, 181, 0
350, 78, 119, 75, 69, 191, 43, 132, 0
351, 64, 64, 71, 82, 138, 75, 143, 0
352, 43, 171, 82, 76, 70, 64, 173, 0
353, 68, 82, 73, 71, 268, 48, 147, 0
354, 73, 64, 69, 83, 125, 80, 98, 0
355, 68, 158, 60, 64, 219, 31, 147, 0
356, 64, 82, 60, 85, 132, 62, 135, 0
357, 39, 205, 66, 69, 171, 41, 151, 0
358, 66, 94, 90, 59, 178, 85, 117, 0
359, 78, 178, 32, 75, 158, 53, 154, 0
360, 78, 88, 90, 43, 164, 83, 117, 0
361, 83, 113, 45, 53, 145, 78, 151, 0
362, 69, 64, 46, 76, 226, 73, 120, 0
363, 73, 138, 78, 55, 107, 57, 135, 0
364, 71, 70, 59, 55, 290, 78, 102, 0
365, 64, 198, 22, 82, 125, 78, 177, 0
366, 75, 94, 92, 60, 268, 87, 90, 0
367, 66, 233, 92, 83, 119, 46, 139, 0
368, 89, 107, 69, 73, 205, 83, 158, 0
369, 68, 113, 83, 87, 145, 55, 124, 0
370, 75, 64, 82, 71, 178, 73, 124, 0
371, 82, 219, 60, 55, 145, 36, 147, 0
372, 76, 100, 60, 76, 233, 94, 109, 0
373, 68, 138, 78, 71, 107, 46, 181, 0
374, 53, 70, 85, 45, 125, 96, 158, 0
375, 48, 125, 85, 80, 76, 69, 124, 0
376, 82, 70, 64, 57, 247, 76, 94, 0
377, 68, 178, 43, 80, 113, 76, 109, 0
378, 69, 88, 62, 76, 198, 83, 151, 0
379, 76, 88, 71, 83, 94, 69, 128, 0
380, 73, 52, 80, 69, 212, 76, 72, 0
381, 36, 212, 43, 75, 100, 76, 173, 0
382, 68, 100, 78, 82, 276, 62, 109, 0
383, 69, 205, 87, 87, 119, 73, 98, 0
384, 76, 94, 75, 78, 178, 69, 177, 0
385, 83, 198, 59, 62, 185, 46, 124, 0
386, 83, 94, 50, 85, 164, 89, 147, 0
387, 87, 76, 82, 29, 178, 89, 117, 0
388, 46, 151, 71, 71, 119, 60, 158, 0
389, 73, 76, 83, 82, 198, 68, 117, 0
390, 78, 171, 59, 55, 132, 62, 154, 0
391, 69, 82, 82, 60, 191, 87, 120, 0
392, 80, 254, 89, 75, 158, 34, 68, 0
393, 69, 113, 90, 68, 158, 97, 166, 0
394, 90, 82, 62, 52, 219, 78, 124, 0
395, 39, 132, 62, 80, 113, 80, 158, 0
396, 69, 94, 69, 53, 254, 45, 135, 0
397, 60, 125, 80, 83, 125, 45, 113, 0
398, 87, 70, 82, 78, 171, 73, 68, 0
399, 66, 107, 87, 60, 138, 52, 147, 0
400, 78, 171, 38, 76, 198, 45, 117, 0
401, 78, 82, 66, 80, 94, 68, 154, 0
402, 27, 158, 82, 69, 158, 69, 169, 0
403, 92, 82, 50, 59, 178, 75, 147, 0
404, 46, 191, 53, 75, 171, 69, 117, 0
405, 94, 94, 53, 69, 219, 76, 139, 0
406, 68, 171, 87, 85, 100, 31, 139, 0
407, 69, 82, 69, 55, 219, 83, 166, 0
408, 76, 261, 94, 82, 138, 36, 87, 0
409, 85, 119, 94, 78, 268, 89, 87, 0
410, 71, 100, 92, 76, 119, 55, 169, 0
411, 62, 58, 60, 57, 185, 92, 158, 0
412, 71, 233, 31, 69, 158, 76, 90, 0
413, 71, 107, 75, 66, 198, 90, 192, 0
414, 99, 226, 46, 62, 158, 50, 135, 0
415, 87, 107, 59, 90, 261, 66, 139, 0
416, 39, 151, 76, 85, 119, 89, 124, 0
417, 71, 76, 89, 71, 290, 64, 120, 0
418, 78, 158, 75, 80, 125, 69, 169, 0
419, 89, 82, 80, 75, 145, 50, 158, 0
420, 76, 164, 60, 62, 219, 52, 102, 0
421, 76, 82, 41, 83, 158, 69, 169, 0
422, 71, 138, 78, 39, 198, 76, 90, 0
423, 24, 125, 78, 80, 125, 62, 181, 0
424, 66, 132, 83, 36, 94, 59, 181, 0
425, 75, 70, 73, 76, 254, 76, 94, 0
426, 53, 191, 57, 80, 113, 85, 154, 0
427, 75, 94, 89, 71, 240, 57, 120, 0
428, 83, 198, 55, 78, 107, 32, 162, 0
429, 69, 94, 90, 71, 297, 75, 105, 0
430, 71, 191, 60, 78, 132, 82, 177, 0
431, 76, 94, 87, 87, 240, 46, 120, 0
432, 76, 185, 69, 57, 125, 50, 154, 0
433, 69, 88, 85, 73, 191, 78, 135, 0
434, 76, 145, 71, 85, 100, 48, 128, 0
435, 82, 76, 41, 55, 261, 71, 128, 0
436, 64, 164, 32, 82, 119, 82, 128, 0
437, 71, 82, 85, 62, 226, 73, 109, 0
438, 75, 58, 46, 83, 138, 71, 158, 0
439, 50, 191, 83, 66, 70, 57, 143, 0
440, 92, 94, 69, 55, 335, 75, 113, 0
441, 83, 212, 41, 83, 145, 97, 117, 0
442, 73, 100, 73, 68, 226, 66, 151, 0
443, 82, 185, 25, 85, 132, 43, 188, 0
444, 62, 88, 90, 75, 261, 80, 98, 0
445, 53, 171, 64, 83, 119, 83, 166, 0
446, 76, 82, 80, 57, 276, 62, 124, 0
447, 60, 70, 69, 83, 119, 68, 158, 0
448, 52, 151, 76, 52, 100, 75, 151, 0
449, 85, 76, 45, 83, 212, 69, 128, 0
450, 78, 125, 68, 52, 138, 53, 166, 0
451, 85, 70, 78, 52, 219, 69, 90, 0
452, 53, 164, 89, 76, 100, 45, 128, 0
453, 76, 82, 66, 55, 283, 78, 128, 0
454, 60, 52, 83, 83, 125, 71, 143, 0
455, 55, 297, 94, 52, 94, 45, 102, 0
456, 55, 132, 45, 80, 132, 76, 177, 0
457, 83, 125, 83, 32, 240, 73, 90, 0
458, 69, 70, 73, 69, 107, 69, 162, 0
459, 75, 151, 38, 55, 212, 64, 132, 0
460, 53, 145, 69, 55, 107, 60, 181, 0
461, 76, 113, 83, 82, 219, 24, 94, 0
462, 80, 64, 64, 60, 119, 62, 181, 0
463, 64, 178, 82, 75, 64, 75, 151, 0
464, 75, 88, 80, 71, 290, 75, 109, 0
465, 60, 185, 50, 83, 125, 87, 173, 0
466, 76, 88, 80, 75, 247, 76, 109, 0
467, 94, 151, 29, 62, 132, 83, 135, 0
468, 101, 76, 57, 83, 191, 69, 113, 0
469, 36, 171, 60, 78, 119, 85, 147, 0
470, 68, 82, 82, 62, 254, 80, 120, 0
471, 45, 158, 78, 90, 113, 64, 143, 0
472, 68, 82, 75, 64, 219, 69, 173, 0
473, 92, 132, 48, 73, 145, 64, 117, 0
474, 60, 76, 83, 36, 233, 69, 135, 0
475, 87, 171, 69, 64, 113, 64, 75, 0
476, 94, 82, 43, 29, 198, 76, 177, 0
477, 48, 198, 82, 92, 132, 41, 90, 0
478, 97, 94, 50, 83, 198, 68, 158, 0
479, 82, 191, 66, 62, 171, 45, 128, 0
480, 71, 94, 82, 62, 151, 87, 151, 0
481, 82, 283, 50, 48, 219, 31, 143, 0
482, 78, 125, 78, 71, 145, 96, 166, 0
483, 87, 70, 52, 71, 254, 76, 120, 0
484, 45, 226, 68, 80, 113, 78, 120, 0
485, 71, 107, 80, 76, 261, 62, 143, 0
486, 82, 58, 62, 90, 119, 69, 139, 0
487, 46, 185, 83, 48, 100, 73, 151, 0
488, 71, 88, 71, 80, 268, 60, 117, 0
489, 85, 247, 71, 62, 119, 20, 166, 0
490, 75, 113, 87, 75, 290, 85, 120, 0
491, 55, 212, 83, 83, 125, 55, 158, 0
492, 76, 100, 83, 57, 247, 90, 151, 0
493, 41, 158, 78, 83, 119, 78, 139, 0
494, 71, 82, 76, 52, 297, 75, 128, 0
495, 52, 70, 62, 85, 132, 69, 188, 0
496, 57, 219, 76, 53, 119, 57, 132, 0
497, 71, 100, 75, 71, 247, 80, 143, 0
498, 71, 138, 75, 83, 113, 57, 154, 0
499, 82, 88, 55, 29, 261, 89, 128, 0
500, 66, 164, 78, 66, 119, 68, 120, 0
501, 73, 82, 69, 75, 205, 62, 147, 0
502, 89, 125, 53, 66, 125, 62, 135, 0
503, 62, 119, 50, 59, 297, 48, 135, 0
504, 75, 185, 41, 83, 132, 64, 105, 0
505, 101, 88, 55, 69, 212, 76, 135, 0
506, 60, 145, 83, 87, 132, 39, 139, 0
507, 73, 76, 90, 60, 164, 83, 132, 0
508, 96, 178, 34, 55, 145, 60, 154, 0
509, 82, 88, 55, 89, 261, 89, 120, 0
510, 66, 212, 78, 68, 119, 46, 181, 0
511, 78, 100, 89, 83, 226, 71, 128, 0
512, 87, 205, 62, 69, 138, 34, 158, 0
513, 71, 94, 92, 57, 185, 71, 124, 0
514, 78, 240, 32, 83, 151, 50, 158, 0
515, 94, 107, 75, 78, 233, 89, 105, 0
516, 68, 70, 76, 76, 113, 64, 188, 0
517, 36, 151, 73, 73, 191, 80, 98, 0
518, 68, 119, 75, 64, 113, 55, 147, 0
519, 69, 64, 82, 80, 212, 45, 94, 0
520, 73, 100, 55, 76, 113, 55, 154, 0
521, 68, 58, 76, 73, 219, 62, 98, 0
522, 38, 233, 68, 78, 100, 45, 166, 0
523, 69, 107, 87, 64, 335, 87, 98, 0
524, 76, 247, 71, 76, 145, 43, 192, 0
525, 78, 113, 78, 87, 268, 80, 143, 0
526, 73, 125, 76, 87, 119, 57, 166, 0
527, 60, 138, 78, 68, 171, 55, 132, 0
528, 80, 70, 46, 83, 171, 87, 132, 0
529, 76, 219, 32, 85, 138, 53, 120, 0
530, 104, 100, 68, 69, 205, 73, 120, 0
531, 57, 138, 94, 80, 151, 43, 124, 0
532, 73, 70, 73, 76, 171, 64, 162, 0
533, 80, 138, 55, 62, 178, 57, 128, 0
534, 66, 70, 76, 78, 138, 80, 147, 0
535, 68, 164, 73, 38, 205, 71, 109, 0
536, 73, 82, 82, 68, 125, 73, 147, 0
537, 64, 205, 46, 59, 276, 46, 117, 0
538, 80, 94, 57, 87, 119, 80, 154, 0
539, 46, 191, 64, 73, 198, 45, 154, 0
540, 89, 94, 69, 76, 158, 78, 87, 0
541, 64, 58, 71, 41, 178, 83, 181, 0
542, 82, 212, 45, 62, 138, 62, 105, 0
543, 71, 100, 76, 78, 219, 82, 139, 0
544, 73, 158, 52, 60, 145, 73, 162, 0
545, 64, 82, 80, 60, 191, 71, 139, 0
546, 71, 247, 27, 71, 158, 66, 117, 0
547, 75, 113, 76, 66, 198, 92, 154, 0
548, 87, 64, 43, 87, 158, 82, 135, 0
